 , 0, 1, 2, 3, 4, 5, 6, 7, 8, 9, 10, 11, 12, 13, 14, 15, 16, 17, 18, 19, 20, 21, 22, 23, 24, 25, 26, 27, 28, 29, 30, 31, 32, 33, 34, 35, 36, 37, 38, 39, 40, 41, 42, 43, 44, 45, 46, 47, 48, 49, 50, 51, 52, 53, 54, 55, 56, 57, 58, 59, 60, 61, 62, 63, 64, 65, 66, 67, 68, 69, 70, 71, 72, 73, 74, 75, 76, 77, 78, 79, 80, 81, 82, 83, 84, 85, 86, 87, 88, 89, 90, 91, 92, 93, 94, 95, 96, 97, 98, 99, 100, 101, 102, 103, 104, 105, 106, 107, 108, 109, 110, 111, 112, 113, 114, 115, 116, 117, 118, 119, 120, 121, 122, 123, 124, 125, 126, 127, 128, 129, 130, 131, 132, 133, 134, 135, 136, 137, 138, 139, 140, 141, 142, 143, 144, 145, 146, 147, 148, 149, 150, 151, 152, 153, 154, 155, 156, 157, 158, 159, 160, 161, 162, 163, 164, 165, 166, 167, 168, 169, 170, 171, 172, 173, 174, 175, 176, 177, 178, 179, 180, 181, 182, 183, 184, 185, 186, 187, 188, 189, 190, 191, 192, 193, 194, 195, 196, 197, 198, 199, 200, 201, 202, 203, 204, 205, 206, 207, 208, 209, 210, 211, 212, 213, 214, 215, 216, 217, 218, 219, 220, 221, 222, 223, 224, 225, 226, 227, 228, 229, 230, 231, 232, 233, 234, 235, 236, 237, 238, 239, 240, 241, 242, 243, 244, 245, 246, 247, 248, 249, 250, 251, 252, 253, 254, 255, 256, 257, 258, 259, 260, 261, 262, 263, 264, 265, 266, 267, 268, 269, 270, 271, 272, 273, 274, 275, 276, 277, 278, 279, 280, 281, 282, 283, 284, 285, 286, 287, 288, 289, 290
C major (0), C major (0), C major (0), C major (0), C major (0), C major (0), F major (1b), C major (0), C major (0), F lydian (1b), F lydian (1b), G major (1#), C major (0), C major (0), C major (0), C major (0), C major (0), C major (0), F major (1b), C major (0), C major (0), F lydian (1b), F lydian (1b), G major (1#), C major (0), C major (0), C major (0), C major (0), F lydian (1b), Ab dorian (4b), F lydian (1b), A major (3#), C major (0), C minor (3b), C major (0), G major (1#), C major (0), C major (0), C major (0), G mixolydian (1#), F major (1b), F minor (4b), F major (1b), C major (0), C major (0), C major (0), C major (0), G major (1#), C major (0), C major (0), C major (0), C major (0), C major (0), C major (0), F major (1b), C major (0), C major (0), C major (0), G major (1#), G major (1#), C major (0), G major (1#), C major (0), G major (1#), D mixolydian (2#), C major (0), F major (1b), F major (1b), C major (0), C major (0), C major (0), G major (1#), C major (0), C major (0), C major (0), D major (2#), G major (1#), A major (3#), D minor (1b), F major (1b), C major (0), C major (0), C major (0), G major (1#), C major (0), C major (0), A minor (0), A major (3#), C major (0), C minor (3b), F major (1b), F major (1b), C major (0), C major (0), C major (0), G major (1#), C major (0), C major (0), C major (0), C major (0), C major (0), F major (1b), F major (1b), C major (0), C major (0), C major (0), G mixolydian (1#), Bb phrygian (2b), C major (0), C major (0), C major (0), F major (1b), D major (2#), C major (0), F major (1b), C major (0), C major (0), C major (0), C major (0), G major (1#), C major (0), C major (0), C major (0), C major (0), C major (0), C major (0), F major (1b), F major (1b), C major (0), C major (0), G major (1#), G major (1#), C major (0), C major (0), C major (0), G mixolydian (1#), F major (1b), F major (1b), F major (1b), F major (1b), C major (0), F major (1b), C major (0), G major (1#), C major (0), C major (0), C major (0), C major (0), C major (0), C major (0), F major (1b), Bb lydian (2b), C major (0), C major (0), C major (0), G major (1#), C major (0), G major (1#), C major (0), G major (1#), G major (1#), C major (0), F lydian (1b), G major (1#), C major (0), C major (0), A minor (0), A major (3#), A minor (0), C major (0), C major (0), C major (0), F lydian (1b), Ab dorian (4b), F lydian (1b), F lydian (1b), A minor (0), A major (3#), F dorian (1b), G mixolydian (1#), Bb phrygian (2b), G mixolydian (1#), C major (0), C major (0), F major (1b), Bb major (2b), F major (1b), F minor (4b), C major (0), C major (0), G major (1#), G major (1#), C major (0), C major (0), C major (0), F major (1b), D major (2#), C major (0), F major (1b), C major (0), C major (0), C major (0), F major (1b), Bb lydian (2b), C major (0), F major (1b), C major (0), C minor (3b), C major (0), C minor (3b), F major (1b), Bb lydian (2b), C major (0), G major (1#), C major (0), G major (1#), C major (0), G major (1#), C major (0), C major (0), Eb minor (6b), Bb minor (5b), F major (1b), F major (1b), C major (0), D major (2#), G major (1#), A major (3#), A minor (0), C major (0), C major blues (0), Ab dorian (4b), F lydian (1b), F lydian (1b), F lydian (1b), Bb lydian (2b), C major (0), C major (0), C major (0), G major (1#), C major (0), C major (0), C major (0), G major (1#), G major (1#), A major (3#), A minor (0), A major (3#), A minor (0), A major (3#), A minor (0), G minor (2b), C major (0), C major (0), C major (0), C major (0), F major (1b), Bb major (2b), F major (1b), F major (1b), C major (0), C major (0), G mixolydian (1#), G mixolydian (1#), Bb phrygian (2b), G mixolydian (1#), A minor (0), A major (3#), A minor (0), C major (0), F major (1b), F major (1b), C major (0), C major (0), C major (0), G major (1#), C major (0), G major (1#), C major (0), C major (0), C major (0), C major (0), F major (1b), F major (1b), C major (0), C major (0), G major (1#), A major (3#), A minor (0), C major (0), G major (1#), C major (0)
A minor (0), A minor (0), A minor (0), A minor (0), A minor (0), A minor (0), F dorian (1b), D lydian (2#), A minor (0), D minor (1b), D minor (1b), E minor (1#), A minor (0), A minor (0), A minor (0), A minor (0), A minor (0), A minor (0), F dorian (1b), D lydian (2#), A minor (0), D minor (1b), D minor (1b), A major (3#), A minor (0), A minor (0), A minor (0), A minor (0), D minor (1b), A minor (0), D minor (1b), A major (3#), A minor (0), E mixolydian (4#), A minor (0), E minor (1#), A minor (0), A minor (0), A minor (0), G phrygian (1#), D minor (1b), C minor (3b), D minor (1b), A minor (0), A minor (0), A minor (0), A minor (0), E minor (1#), A minor (0), A minor (0), A minor (0), A minor (0), A minor (0), A minor (0), D minor (1b), A minor (0), A minor (0), A minor (0), E minor (1#), E minor (1#), A minor (0), E minor (1#), A minor (0), A minor (0), A major (3#), A minor (0), D minor (1b), D minor (1b), A minor (0), A minor (0), A minor (0), E minor (1#), A minor (0), A minor (0), A minor (0), D phrygian (2#), G phrygian (1#), A major (3#), D minor (1b), D minor (1b), A minor (0), A minor (0), A minor (0), E minor (1#), A minor (0), A minor (0), A minor (0), A major (3#), A minor (0), A major (3#), D minor (1b), D minor (1b), A minor (0), A minor (0), A minor (0), E minor (1#), A minor (0), A minor (0), A minor (0), A minor (0), A minor (0), D minor (1b), D minor (1b), A minor (0), A minor (0), A minor (0), A minor (0), E minor (1#), A minor (0), A minor (0), A minor (0), D minor (1b), D major (2#), D minor (1b), D minor (1b), A minor (0), A minor (0), A minor (0), A minor (0), E minor (1#), A minor (0), A minor (0), A minor (0), A minor (0), A minor (0), A minor (0), D minor (1b), D minor (1b), A minor (0), A minor (0), E minor (1#), E minor (1#), A minor (0), A minor (0), A minor (0), G phrygian (1#), D minor (1b), D minor (1b), D minor (1b), D minor (1b), A minor (0), D minor (1b), A minor (0), E minor (1#), A minor (0), A minor (0), A minor (0), A minor (0), A minor (0), A minor (0), D minor (1b), G minor (2b), A minor (0), A minor (0), A minor (0), E minor (1#), A minor (0), E minor (1#), A minor (0), E minor (1#), E minor (1#), A minor (0), D minor (1b), E minor (1#), A minor (0), A minor (0), A minor (0), A major (3#), A minor (0), A minor (0), A minor (0), A minor (0), E minor (1#), B major (5#), D minor (1b), D minor (1b), A minor (0), A major (3#), D minor (1b), A major (3#), A minor (0), E minor (1#), A minor (0), A minor (0), A minor (0), E major (4#), D minor (1b), F minor (4b), C major (0), A minor (0), E minor (1#), E minor (1#), A minor (0), A minor (0), A minor (0), F dorian (1b), D lydian (2#), A minor (0), D minor (1b), A minor (0), A minor (0), A minor (0), D minor (1b), G minor (2b), A minor (0), D minor (1b), A minor (0), A minor (0), E major (4#), A major (3#), D minor (1b), G minor (2b), A minor (0), E minor (1#), A minor (0), E minor (1#), A minor (0), E minor (1#), A minor (0), A minor (0), F# major (6#), F# major (6#), A minor (0), A minor (0), A minor blues (0), D lydian (2#), A minor (0), A major (3#), A minor (0), A minor (0), C major (0), F minor (4b), D minor (1b), D minor (1b), D minor (1b), G minor (2b), A minor (0), A minor (0), A minor (0), E minor (1#), A minor (0), A minor (0), A minor (0), G phrygian (1#), G phrygian (1#), E mixolydian (4#), A minor (0), A major (3#), A minor (0), A major (3#), A minor (0), A major (3#), A minor (0), A minor (0), A minor (0), A minor (0), G phrygian (1#), E mixolydian (4#), A minor (0), D minor (1b), A minor (0), A minor (0), E minor (1#), E minor (1#), A minor (0), E minor (1#), A minor (0), A major (3#), A minor (0), A minor (0), D minor (1b), D minor (1b), A minor (0), A minor (0), A minor (0), E minor (1#), A minor (0), E minor (1#), A minor (0), A minor (0), A minor (0), A minor (0), F dorian (1b), F dorian (1b), D lydian (2#), A minor (0), G phrygian (1#), A major (3#), A minor (0), A minor (0), E minor (1#), A minor (0)
A minor mel (0),  ,  ,  ,  ,  ,  ,  ,  ,  ,  ,  ,  ,  ,  ,  ,  ,  ,  ,  ,  ,  ,  ,  ,  ,  ,  ,  ,  ,  ,  ,  ,  ,  ,  ,  ,  ,  ,  ,  ,  ,  ,  ,  ,  ,  ,  ,  ,  ,  ,  ,  ,  ,  ,  ,  ,  ,  ,  ,  ,  ,  ,  ,  ,  ,  ,  ,  ,  ,  ,  ,  ,  ,  ,  ,  ,  ,  ,  ,  ,  ,  ,  ,  ,  ,  ,  ,  ,  ,  ,  ,  ,  ,  ,  ,  ,  ,  ,  ,  ,  ,  ,  ,  ,  ,  ,  ,  ,  ,  ,  ,  ,  ,  ,  ,  ,  ,  ,  ,  ,  ,  ,  ,  ,  ,  ,  ,  ,  ,  ,  ,  ,  ,  ,  ,  ,  ,  ,  ,  ,  ,  ,  ,  ,  ,  ,  ,  ,  ,  ,  ,  ,  ,  ,  ,  ,  ,  ,  ,  ,  ,  ,  ,  ,  ,  ,  ,  ,  ,  ,  ,  ,  ,  ,  ,  ,  ,  ,  ,  ,  ,  ,  ,  ,  ,  ,  ,  ,  ,  ,  ,  ,  ,  ,  ,  ,  ,  ,  ,  ,  ,  ,  ,  ,  ,  ,  ,  ,  ,  ,  ,  ,  ,  ,  ,  ,  ,  ,  ,  ,  ,  ,  ,  ,  ,  ,  ,  ,  ,  ,  ,  ,  ,  ,  ,  ,  ,  ,  ,  ,  ,  ,  ,  ,  ,  ,  ,  ,  ,  ,  ,  ,  ,  ,  ,  ,  ,  ,  ,  ,  ,  ,  ,  ,  ,  ,  ,  ,  ,  ,  ,  ,  ,  ,  ,  ,  ,  ,  ,  ,  ,  ,  ,  ,  ,  ,  ,  ,  ,  ,  ,  
C major blues (0),  ,  ,  ,  ,  ,  ,  ,  ,  ,  ,  ,  ,  ,  ,  ,  ,  ,  ,  ,  ,  ,  ,  ,  ,  ,  ,  ,  ,  ,  ,  ,  ,  ,  ,  ,  ,  ,  ,  ,  ,  ,  ,  ,  ,  ,  ,  ,  ,  ,  ,  ,  ,  ,  ,  ,  ,  ,  ,  ,  ,  ,  ,  ,  ,  ,  ,  ,  ,  ,  ,  ,  ,  ,  ,  ,  ,  ,  ,  ,  ,  ,  ,  ,  ,  ,  ,  ,  ,  ,  ,  ,  ,  ,  ,  ,  ,  ,  ,  ,  ,  ,  ,  ,  ,  ,  ,  ,  ,  ,  ,  ,  ,  ,  ,  ,  ,  ,  ,  ,  ,  ,  ,  ,  ,  ,  ,  ,  ,  ,  ,  ,  ,  ,  ,  ,  ,  ,  ,  ,  ,  ,  ,  ,  ,  ,  ,  ,  ,  ,  ,  ,  ,  ,  ,  ,  ,  ,  ,  ,  ,  ,  ,  ,  ,  ,  ,  ,  ,  ,  ,  ,  ,  ,  ,  ,  ,  ,  ,  ,  ,  ,  ,  ,  ,  ,  ,  ,  ,  ,  ,  ,  ,  ,  ,  ,  ,  ,  ,  ,  ,  ,  ,  ,  ,  ,  ,  ,  ,  ,  ,  ,  ,  ,  ,  ,  ,  ,  ,  ,  ,  ,  ,  ,  ,  ,  ,  ,  ,  ,  ,  ,  ,  ,  ,  ,  ,  ,  ,  ,  ,  ,  ,  ,  ,  ,  ,  ,  ,  ,  ,  ,  ,  ,  ,  ,  ,  ,  ,  ,  ,  ,  ,  ,  ,  ,  ,  ,  ,  ,  ,  ,  ,  ,  ,  ,  ,  ,  ,  ,  ,  ,  ,  ,  ,  ,  ,  ,  ,  ,  ,  
A minor blues (0),  ,  ,  ,  ,  ,  ,  ,  ,  ,  ,  ,  ,  ,  ,  ,  ,  ,  ,  ,  ,  ,  ,  ,  ,  ,  ,  ,  ,  ,  ,  ,  ,  ,  ,  ,  ,  ,  ,  ,  ,  ,  ,  ,  ,  ,  ,  ,  ,  ,  ,  ,  ,  ,  ,  ,  ,  ,  ,  ,  ,  ,  ,  ,  ,  ,  ,  ,  ,  ,  ,  ,  ,  ,  ,  ,  ,  ,  ,  ,  ,  ,  ,  ,  ,  ,  ,  ,  ,  ,  ,  ,  ,  ,  ,  ,  ,  ,  ,  ,  ,  ,  ,  ,  ,  ,  ,  ,  ,  ,  ,  ,  ,  ,  ,  ,  ,  ,  ,  ,  ,  ,  ,  ,  ,  ,  ,  ,  ,  ,  ,  ,  ,  ,  ,  ,  ,  ,  ,  ,  ,  ,  ,  ,  ,  ,  ,  ,  ,  ,  ,  ,  ,  ,  ,  ,  ,  ,  ,  ,  ,  ,  ,  ,  ,  ,  ,  ,  ,  ,  ,  ,  ,  ,  ,  ,  ,  ,  ,  ,  ,  ,  ,  ,  ,  ,  ,  ,  ,  ,  ,  ,  ,  ,  ,  ,  ,  ,  ,  ,  ,  ,  ,  ,  ,  ,  ,  ,  ,  ,  ,  ,  ,  ,  ,  ,  ,  ,  ,  ,  ,  ,  ,  ,  ,  ,  ,  ,  ,  ,  ,  ,  ,  ,  ,  ,  ,  ,  ,  ,  ,  ,  ,  ,  ,  ,  ,  ,  ,  ,  ,  ,  ,  ,  ,  ,  ,  ,  ,  ,  ,  ,  ,  ,  ,  ,  ,  ,  ,  ,  ,  ,  ,  ,  ,  ,  ,  ,  ,  ,  ,  ,  ,  ,  ,  ,  ,  ,  ,  ,  ,  
C dorian (0),  ,  ,  ,  ,  ,  ,  ,  ,  ,  ,  ,  ,  ,  ,  ,  ,  ,  ,  ,  ,  ,  ,  ,  ,  ,  ,  ,  ,  ,  ,  ,  ,  ,  ,  ,  ,  ,  ,  ,  ,  ,  ,  ,  ,  ,  ,  ,  ,  ,  ,  ,  ,  ,  ,  ,  ,  ,  ,  ,  ,  ,  ,  ,  ,  ,  ,  ,  ,  ,  ,  ,  ,  ,  ,  ,  ,  ,  ,  ,  ,  ,  ,  ,  ,  ,  ,  ,  ,  ,  ,  ,  ,  ,  ,  ,  ,  ,  ,  ,  ,  ,  ,  ,  ,  ,  ,  ,  ,  ,  ,  ,  ,  ,  ,  ,  ,  ,  ,  ,  ,  ,  ,  ,  ,  ,  ,  ,  ,  ,  ,  ,  ,  ,  ,  ,  ,  ,  ,  ,  ,  ,  ,  ,  ,  ,  ,  ,  ,  ,  ,  ,  ,  ,  ,  ,  ,  ,  ,  ,  ,  ,  ,  ,  ,  ,  ,  ,  ,  ,  ,  ,  ,  ,  ,  ,  ,  ,  ,  ,  ,  ,  ,  ,  ,  ,  ,  ,  ,  ,  ,  ,  ,  ,  ,  ,  ,  ,  ,  ,  ,  ,  ,  ,  ,  ,  ,  ,  ,  ,  ,  ,  ,  ,  ,  ,  ,  ,  ,  ,  ,  ,  ,  ,  ,  ,  ,  ,  ,  ,  ,  ,  ,  ,  ,  ,  ,  ,  ,  ,  ,  ,  ,  ,  ,  ,  ,  ,  ,  ,  ,  ,  ,  ,  ,  ,  ,  ,  ,  ,  ,  ,  ,  ,  ,  ,  ,  ,  ,  ,  ,  ,  ,  ,  ,  ,  ,  ,  ,  ,  ,  ,  ,  ,  ,  ,  ,  ,  ,  ,  ,  
C phrygian (0),  ,  ,  ,  ,  ,  ,  ,  ,  ,  ,  ,  ,  ,  ,  ,  ,  ,  ,  ,  ,  ,  ,  ,  ,  ,  ,  ,  ,  ,  ,  ,  ,  ,  ,  ,  ,  ,  ,  ,  ,  ,  ,  ,  ,  ,  ,  ,  ,  ,  ,  ,  ,  ,  ,  ,  ,  ,  ,  ,  ,  ,  ,  ,  ,  ,  ,  ,  ,  ,  ,  ,  ,  ,  ,  ,  ,  ,  ,  ,  ,  ,  ,  ,  ,  ,  ,  ,  ,  ,  ,  ,  ,  ,  ,  ,  ,  ,  ,  ,  ,  ,  ,  ,  ,  ,  ,  ,  ,  ,  ,  ,  ,  ,  ,  ,  ,  ,  ,  ,  ,  ,  ,  ,  ,  ,  ,  ,  ,  ,  ,  ,  ,  ,  ,  ,  ,  ,  ,  ,  ,  ,  ,  ,  ,  ,  ,  ,  ,  ,  ,  ,  ,  ,  ,  ,  ,  ,  ,  ,  ,  ,  ,  ,  ,  ,  ,  ,  ,  ,  ,  ,  ,  ,  ,  ,  ,  ,  ,  ,  ,  ,  ,  ,  ,  ,  ,  ,  ,  ,  ,  ,  ,  ,  ,  ,  ,  ,  ,  ,  ,  ,  ,  ,  ,  ,  ,  ,  ,  ,  ,  ,  ,  ,  ,  ,  ,  ,  ,  ,  ,  ,  ,  ,  ,  ,  ,  ,  ,  ,  ,  ,  ,  ,  ,  ,  ,  ,  ,  ,  ,  ,  ,  ,  ,  ,  ,  ,  ,  ,  ,  ,  ,  ,  ,  ,  ,  ,  ,  ,  ,  ,  ,  ,  ,  ,  ,  ,  ,  ,  ,  ,  ,  ,  ,  ,  ,  ,  ,  ,  ,  ,  ,  ,  ,  ,  ,  ,  ,  ,  ,  
C lydian (0),  ,  ,  ,  ,  ,  ,  ,  ,  ,  ,  ,  ,  ,  ,  ,  ,  ,  ,  ,  ,  ,  ,  ,  ,  ,  ,  ,  ,  ,  ,  ,  ,  ,  ,  ,  ,  ,  ,  ,  ,  ,  ,  ,  ,  ,  ,  ,  ,  ,  ,  ,  ,  ,  ,  ,  ,  ,  ,  ,  ,  ,  ,  ,  ,  ,  ,  ,  ,  ,  ,  ,  ,  ,  ,  ,  ,  ,  ,  ,  ,  ,  ,  ,  ,  ,  ,  ,  ,  ,  ,  ,  ,  ,  ,  ,  ,  ,  ,  ,  ,  ,  ,  ,  ,  ,  ,  ,  ,  ,  ,  ,  ,  ,  ,  ,  ,  ,  ,  ,  ,  ,  ,  ,  ,  ,  ,  ,  ,  ,  ,  ,  ,  ,  ,  ,  ,  ,  ,  ,  ,  ,  ,  ,  ,  ,  ,  ,  ,  ,  ,  ,  ,  ,  ,  ,  ,  ,  ,  ,  ,  ,  ,  ,  ,  ,  ,  ,  ,  ,  ,  ,  ,  ,  ,  ,  ,  ,  ,  ,  ,  ,  ,  ,  ,  ,  ,  ,  ,  ,  ,  ,  ,  ,  ,  ,  ,  ,  ,  ,  ,  ,  ,  ,  ,  ,  ,  ,  ,  ,  ,  ,  ,  ,  ,  ,  ,  ,  ,  ,  ,  ,  ,  ,  ,  ,  ,  ,  ,  ,  ,  ,  ,  ,  ,  ,  ,  ,  ,  ,  ,  ,  ,  ,  ,  ,  ,  ,  ,  ,  ,  ,  ,  ,  ,  ,  ,  ,  ,  ,  ,  ,  ,  ,  ,  ,  ,  ,  ,  ,  ,  ,  ,  ,  ,  ,  ,  ,  ,  ,  ,  ,  ,  ,  ,  ,  ,  ,  ,  ,  ,  
C mixolydian (0),  ,  ,  ,  ,  ,  ,  ,  ,  ,  ,  ,  ,  ,  ,  ,  ,  ,  ,  ,  ,  ,  ,  ,  ,  ,  ,  ,  ,  ,  ,  ,  ,  ,  ,  ,  ,  ,  ,  ,  ,  ,  ,  ,  ,  ,  ,  ,  ,  ,  ,  ,  ,  ,  ,  ,  ,  ,  ,  ,  ,  ,  ,  ,  ,  ,  ,  ,  ,  ,  ,  ,  ,  ,  ,  ,  ,  ,  ,  ,  ,  ,  ,  ,  ,  ,  ,  ,  ,  ,  ,  ,  ,  ,  ,  ,  ,  ,  ,  ,  ,  ,  ,  ,  ,  ,  ,  ,  ,  ,  ,  ,  ,  ,  ,  ,  ,  ,  ,  ,  ,  ,  ,  ,  ,  ,  ,  ,  ,  ,  ,  ,  ,  ,  ,  ,  ,  ,  ,  ,  ,  ,  ,  ,  ,  ,  ,  ,  ,  ,  ,  ,  ,  ,  ,  ,  ,  ,  ,  ,  ,  ,  ,  ,  ,  ,  ,  ,  ,  ,  ,  ,  ,  ,  ,  ,  ,  ,  ,  ,  ,  ,  ,  ,  ,  ,  ,  ,  ,  ,  ,  ,  ,  ,  ,  ,  ,  ,  ,  ,  ,  ,  ,  ,  ,  ,  ,  ,  ,  ,  ,  ,  ,  ,  ,  ,  ,  ,  ,  ,  ,  ,  ,  ,  ,  ,  ,  ,  ,  ,  ,  ,  ,  ,  ,  ,  ,  ,  ,  ,  ,  ,  ,  ,  ,  ,  ,  ,  ,  ,  ,  ,  ,  ,  ,  ,  ,  ,  ,  ,  ,  ,  ,  ,  ,  ,  ,  ,  ,  ,  ,  ,  ,  ,  ,  ,  ,  ,  ,  ,  ,  ,  ,  ,  ,  ,  ,  ,  ,  ,  ,  
C aeolian (0),  ,  ,  ,  ,  ,  ,  ,  ,  ,  ,  ,  ,  ,  ,  ,  ,  ,  ,  ,  ,  ,  ,  ,  ,  ,  ,  ,  ,  ,  ,  ,  ,  ,  ,  ,  ,  ,  ,  ,  ,  ,  ,  ,  ,  ,  ,  ,  ,  ,  ,  ,  ,  ,  ,  ,  ,  ,  ,  ,  ,  ,  ,  ,  ,  ,  ,  ,  ,  ,  ,  ,  ,  ,  ,  ,  ,  ,  ,  ,  ,  ,  ,  ,  ,  ,  ,  ,  ,  ,  ,  ,  ,  ,  ,  ,  ,  ,  ,  ,  ,  ,  ,  ,  ,  ,  ,  ,  ,  ,  ,  ,  ,  ,  ,  ,  ,  ,  ,  ,  ,  ,  ,  ,  ,  ,  ,  ,  ,  ,  ,  ,  ,  ,  ,  ,  ,  ,  ,  ,  ,  ,  ,  ,  ,  ,  ,  ,  ,  ,  ,  ,  ,  ,  ,  ,  ,  ,  ,  ,  ,  ,  ,  ,  ,  ,  ,  ,  ,  ,  ,  ,  ,  ,  ,  ,  ,  ,  ,  ,  ,  ,  ,  ,  ,  ,  ,  ,  ,  ,  ,  ,  ,  ,  ,  ,  ,  ,  ,  ,  ,  ,  ,  ,  ,  ,  ,  ,  ,  ,  ,  ,  ,  ,  ,  ,  ,  ,  ,  ,  ,  ,  ,  ,  ,  ,  ,  ,  ,  ,  ,  ,  ,  ,  ,  ,  ,  ,  ,  ,  ,  ,  ,  ,  ,  ,  ,  ,  ,  ,  ,  ,  ,  ,  ,  ,  ,  ,  ,  ,  ,  ,  ,  ,  ,  ,  ,  ,  ,  ,  ,  ,  ,  ,  ,  ,  ,  ,  ,  ,  ,  ,  ,  ,  ,  ,  ,  ,  ,  ,  ,  
C locrian (0),  ,  ,  ,  ,  ,  ,  ,  ,  ,  ,  ,  ,  ,  ,  ,  ,  ,  ,  ,  ,  ,  ,  ,  ,  ,  ,  ,  ,  ,  ,  ,  ,  ,  ,  ,  ,  ,  ,  ,  ,  ,  ,  ,  ,  ,  ,  ,  ,  ,  ,  ,  ,  ,  ,  ,  ,  ,  ,  ,  ,  ,  ,  ,  ,  ,  ,  ,  ,  ,  ,  ,  ,  ,  ,  ,  ,  ,  ,  ,  ,  ,  ,  ,  ,  ,  ,  ,  ,  ,  ,  ,  ,  ,  ,  ,  ,  ,  ,  ,  ,  ,  ,  ,  ,  ,  ,  ,  ,  ,  ,  ,  ,  ,  ,  ,  ,  ,  ,  ,  ,  ,  ,  ,  ,  ,  ,  ,  ,  ,  ,  ,  ,  ,  ,  ,  ,  ,  ,  ,  ,  ,  ,  ,  ,  ,  ,  ,  ,  ,  ,  ,  ,  ,  ,  ,  ,  ,  ,  ,  ,  ,  ,  ,  ,  ,  ,  ,  ,  ,  ,  ,  ,  ,  ,  ,  ,  ,  ,  ,  ,  ,  ,  ,  ,  ,  ,  ,  ,  ,  ,  ,  ,  ,  ,  ,  ,  ,  ,  ,  ,  ,  ,  ,  ,  ,  ,  ,  ,  ,  ,  ,  ,  ,  ,  ,  ,  ,  ,  ,  ,  ,  ,  ,  ,  ,  ,  ,  ,  ,  ,  ,  ,  ,  ,  ,  ,  ,  ,  ,  ,  ,  ,  ,  ,  ,  ,  ,  ,  ,  ,  ,  ,  ,  ,  ,  ,  ,  ,  ,  ,  ,  ,  ,  ,  ,  ,  ,  ,  ,  ,  ,  ,  ,  ,  ,  ,  ,  ,  ,  ,  ,  ,  ,  ,  ,  ,  ,  ,  ,  ,  
F major (1b), F major (1b), C major (0), F major (1b), F major (1b), F major (1b), D minor (1b), D major (2#), C major (0), F major (1b), F major (1b), G major (1#), C major (0), C major (0), C major (0), F major (1b), F major (1b), F major (1b), D minor (1b), D major (2#), C major (0), F major (1b), F major (1b), G major (1#), C major (0), C major (0), C major (0), F major (1b), F major (1b), F minor (4b), D minor (1b), A mixolydian (3#), C mixolydian (0), Bb dorian (2b), C mixolydian (0), G mixolydian (1#), C major (0), C major (0), C major (0), G mixolydian (1#), F major (1b), F minor (4b), F major (1b), F major (1b), C major (0), C major (0), C major (0), G major (1#), C major (0), C major (0), C major (0), C major (0), F major (1b), F major (1b), F major (1b), F major (1b), C major (0), C major (0), G major (1#), G major (1#), C major (0), G mixolydian (1#), C mixolydian (0), D minor (1b), D major (2#), D minor (1b), F major (1b), F major (1b), C major (0), C major (0), C major (0), G major (1#), C major (0), C major (0), C major (0), D major (2#), G major (1#), A mixolydian (3#), D minor (1b), F major (1b), C major (0), C major (0), C major (0), G mixolydian (1#), C mixolydian (0), C mixolydian (0), C mixolydian (0), A mixolydian (3#), C mixolydian (0), F minor (4b), F major (1b), F major (1b), C major (0), C major (0), C major (0), G major (1#), C major (0), C major (0), C major (0), F major (1b), F major (1b), F major (1b), F major (1b), F major (1b), C mixolydian (0), C mixolydian (0), C mixolydian (0), Bb dorian (2b), C mixolydian (0), C mixolydian (0), C mixolydian (0), D minor (1b), D major (2#), D minor (1b), F major (1b), F major (1b), C major (0), C major (0), C major (0), G major (1#), C major (0), C major (0), C major (0), C major (0), F major (1b), F major (1b), F major (1b), F major (1b), C major (0), C major (0), G major (1#), G major (1#), C major (0), C major (0), C major (0), G mixolydian (1#), F major (1b), F major (1b), F major (1b), F major (1b), C major (0), F major (1b), C major (0), G major (1#), C major (0), C major (0), C major (0), F major (1b), F major (1b), F major (1b), F major (1b), Bb lydian (2b), C major (0), C major (0), C major (0), G major (1#), C major (0), G major (1#), C major (0), G major (1#), G major (1#), C major (0), F major (1b), G mixolydian (1#), C mixolydian (0), Bb dorian (2b), C mixolydian (0), G mixolydian (1#), C major (0), C major (0), C major (0), C major (0), F major (1b), F minor (4b), F major (1b), F major (1b), C mixolydian (0), A mixolydian (3#), D minor (1b), G major (1#), G minor (2b), G major (1#), C major (0), F major (1b), F major (1b), Bb major (2b), F major (1b), F minor (4b), C major (0), C major (0), G mixolydian (1#), G mixolydian (1#), C mixolydian (0), C mixolydian (0), C mixolydian (0), D minor (1b), D major (2#), C major (0), F major (1b), F major (1b), C major (0), C major (0), F major (1b), Bb lydian (2b), C major (0), F major (1b), C mixolydian (0), Bb dorian (2b), C mixolydian (0), Eb phrygian (3b), F major (1b), Bb lydian (2b), C major (0), G major (1#), C major (0), G major (1#), C major (0), D major (2#), C major (0), C major (0), Eb minor (6b), Bb minor (5b), F major (1b), F major (1b), C major (0), D major (2#), G major (1#), G major (1#), C major (0), F major (1b), C mixolydian (0), F minor (4b), F major (1b), F major (1b), F major (1b), Bb lydian (2b), C major (0), C major (0), C major (0), G major (1#), C major (0), C major (0), C major (0), G major (1#), D major (2#), A mixolydian (3#), D minor (1b), Bb dorian (2b), C mixolydian (0), F major (1b), C mixolydian (0), Bb dorian (2b), C mixolydian (0), C mixolydian (0), C mixolydian (0), F major (1b), F major (1b), Bb major (2b), F major (1b), F major (1b), C major (0), C major (0), G major (1#), G major (1#), G minor (2b), G major (1#), D major (2#), D major (2#), C major (0), C major (0), F major (1b), F major (1b), C major (0), C major (0), C major (0), G major (1#), C major (0), G major (1#), C major (0), C major (0), C major (0), C major (0), F major (1b), D minor (1b), D major (2#), C major (0), G major (1#), G major (1#), C major (0), C major (0), G major (1#), C major (0)
G major (1#), G major (1#), C major (0), G major (1#), G major (1#), G minor (2b), F phrygian (1b), D mixolydian (2#), C lydian (0), G minor (2b), F phrygian (1b), G major (1#), C major (0), C major (0), C major (0), G major (1#), G major (1#), G minor (2b), F phrygian (1b), D mixolydian (2#), C lydian (0), G minor (2b), D minor (1b), A major (3#), C major (0), C major (0), C major (0), C major (0), F major (1b), C major (0), D minor (1b), A major (3#), C major (0), C minor (3b), C major (0), G major (1#), C major (0), C major (0), C major (0), G major (1#), F lydian (1b), C minor (3b), F major (1b), C major (0), C major (0), C major (0), G major (1#), G major (1#), C major (0), C major (0), C major (0), C major (0), C major (0), C major (0), F major (1b), C major (0), C major (0), G major (1#), G major (1#), G major (1#), C major (0), G major (1#), C major (0), G major (1#), D major (2#), D major (2#), D minor (1b), G minor (2b), C major (0), C major (0), G major (1#), G major (1#), C lydian (0), C lydian (0), C lydian (0), D major (2#), G major (1#), A mixolydian (3#), D minor (1b), F major (1b), C major (0), C major (0), G major (1#), G major (1#), C major (0), C major (0), C major (0), A major (3#), C major (0), C minor (3b), F major (1b), F major (1b), C major (0), C major (0), G major (1#), G major (1#), C major (0), C major (0), C major (0), G major (1#), G major (1#), G minor (2b), F phrygian (1b), D mixolydian (2#), C major (0), C major (0), G major (1#), G minor (2b), C major (0), C major (0), C major (0), F major (1b), D major (2#), C major (0), F major (1b), C major (0), C major (0), C major (0), G major (1#), G major (1#), C major (0), C major (0), C major (0), G major (1#), G major (1#), C major (0), F major (1b), F major (1b), C major (0), C major (0), G major (1#), G major (1#), C lydian (0), D mixolydian (2#), C dorian (0), D mixolydian (2#), F phrygian (1b), G minor (2b), D minor (1b), F major (1b), C major (0), F major (1b), C major (0), G major (1#), C major (0), C major (0), C major (0), G major (1#), D major (2#), D major (2#), D minor (1b), G minor (2b), C major (0), C major (0), G major (1#), G major (1#), C major (0), G major (1#), C major (0), G major (1#), G major (1#), C major (0), F lydian (1b), G major (1#), C lydian (0), G minor (2b), G major (1#), G major (1#), C lydian (0), C lydian (0), C lydian (0), C lydian (0), E minor (1#), B major (5#), D minor (1b), D minor (1b), A minor (0), A major (3#), D minor (1b), G major (1#), G minor (2b), G major (1#), C major (0), C major (0), A minor (0), E major (4#), D minor (1b), F minor (4b), C major (0), C major (0), G major (1#), G major (1#), C major (0), C major (0), C major (0), F major (1b), D major (2#), C major (0), F major (1b), C major (0), C major (0), C major (0), G major (1#), G minor (2b), C major (0), F lydian (1b), C lydian (0), G minor (2b), E major (4#), A major (3#), D minor (1b), G minor (2b), C major (0), G major (1#), C major (0), G major (1#), C lydian (0), D mixolydian (2#), C lydian (0), C lydian (0), Gb dorian (6b), Bb minor (5b), F major (1b), F major (1b), D major (2#), D major (2#), G major (1#), G major (1#), C lydian (0), C lydian (0), C lydian (0), Ab dorian (4b), G minor (2b), G minor (2b), D minor (1b), G minor (2b), C major (0), C major (0), G major (1#), G major (1#), C major (0), C major (0), C major (0), G major (1#), E minor (1#), E major (4#), A minor (0), E major (4#), A minor (0), A major (3#), C major (0), G minor (2b), C lydian (0), C lydian (0), C lydian (0), C lydian (0), E minor (1#), E major (4#), D minor (1b), G minor (2b), C major (0), C major (0), G major (1#), G major (1#), G minor (2b), G major (1#), D major (2#), D major (2#), D major (2#), D major (2#), D minor (1b), F major (1b), C major (0), C major (0), G major (1#), G major (1#), C major (0), G major (1#), C major (0), C major (0), C major (0), C major (0), F major (1b), D minor (1b), D major (2#), C major (0), G major (1#), G major (1#), C major (0), G major (1#), G major (1#), G major (1#)
D minor (1b), D minor (1b), A minor (0), D minor (1b), D minor (1b), D minor (1b), D minor (1b), D major (2#), A minor (0), D minor (1b), D minor (1b), E minor (1#), A minor (0), A minor (0), A minor (0), D minor (1b), D minor (1b), D minor (1b), D minor (1b), D major (2#), A minor (0), D minor (1b), D minor (1b), A major (3#), A minor (0), A minor (0), A minor (0), D minor (1b), F major (1b), F minor (4b), D minor (1b), A mixolydian (3#), C phrygian (0), G minor (2b), A minor (0), G phrygian (1#), C phrygian (0), C phrygian (0), C phrygian (0), G locrian (1#), D minor (1b), F minor (4b), F major (1b), D minor (1b), A minor (0), A minor (0), A minor (0), E minor (1#), A minor (0), A minor (0), A minor (0), A minor (0), D minor (1b), D minor (1b), D minor (1b), D minor (1b), A minor (0), A minor (0), E minor (1#), E minor (1#), A minor (0), E minor (1#), A minor (0), D minor (1b), D major (2#), D minor (1b), D minor (1b), D minor (1b), A minor (0), A minor (0), A minor (0), G phrygian (1#), C phrygian (0), C phrygian (0), C phrygian (0), D major (2#), G lydian (1#), A mixolydian (3#), D minor (1b), D minor (1b), A minor (0), A minor (0), A minor (0), G phrygian (1#), C phrygian (0), C phrygian (0), C phrygian (0), A mixolydian (3#), C phrygian (0), A mixolydian (3#), D minor (1b), D minor (1b), A minor (0), A minor (0), A minor (0), E minor (1#), A minor (0), A minor (0), A minor (0), D minor (1b), D minor (1b), D minor (1b), D minor (1b), D minor (1b), C phrygian (0), C phrygian (0), C phrygian (0), G minor (2b), A minor (0), A minor (0), A minor (0), D minor (1b), D major (2#), D minor (1b), D minor (1b), D minor (1b), A minor (0), A minor (0), A minor (0), E minor (1#), A minor (0), A minor (0), A minor (0), A minor (0), D minor (1b), D minor (1b), D minor (1b), D minor (1b), A minor (0), A minor (0), G phrygian (1#), G phrygian (1#), C phrygian (0), D major (2#), C phrygian (0), D major (2#), D minor (1b), D minor (1b), D minor (1b), D minor (1b), A minor (0), D minor (1b), A minor (0), E minor (1#), A minor (0), A minor (0), A minor (0), D minor (1b), D minor (1b), D minor (1b), D minor (1b), G minor (2b), A minor (0), A minor (0), A minor (0), E minor (1#), A minor (0), E minor (1#), A minor (0), E minor (1#), E minor (1#), A minor (0), D minor (1b), G phrygian (1#), C phrygian (0), G minor (2b), D minor (1b), A major (3#), A minor (0), A minor (0), A minor (0), A minor (0), D minor (1b), F minor (4b), F major (1b), D minor (1b), C phrygian (0), A mixolydian (3#), D minor (1b), G major (1#), G minor (2b), G major (1#), A minor (0), D minor (1b), D minor (1b), G minor (2b), D minor (1b), F minor (4b), C major (0), A minor (0), E minor (1#), E minor (1#), A minor (0), A minor (0), A minor (0), D minor (1b), D major (2#), A minor (0), D minor (1b), D minor (1b), A minor (0), A minor (0), D minor (1b), G minor (2b), A minor (0), D minor (1b), C phrygian (0), G minor (2b), D minor (1b), A mixolydian (3#), D minor (1b), G minor (2b), A minor (0), E minor (1#), A minor (0), G phrygian (1#), C phrygian (0), D major (2#), A minor (0), C major (0), Eb minor (6b), Bb minor (5b), F major (1b), F major (1b), D major (2#), D major (2#), D minor (1b), A mixolydian (3#), C phrygian (0), C phrygian (0), C mixolydian (0), F minor (4b), F major (1b), F major (1b), D minor (1b), G minor (2b), A minor (0), A minor (0), A minor (0), E minor (1#), A minor (0), A minor (0), A minor (0), E minor (1#), D major (2#), A mixolydian (3#), D minor (1b), G minor (2b), C phrygian (0), A mixolydian (3#), C phrygian (0), G minor (2b), A minor (0), A minor (0), A minor (0), D minor (1b), D minor (1b), G minor (2b), D minor (1b), D minor (1b), C phrygian (0), C phrygian (0), G locrian (1#), G locrian (1#), Bb dorian (2b), G lydian (1#), D major (2#), D major (2#), D major (2#), D major (2#), D minor (1b), D minor (1b), A minor (0), A minor (0), A minor (0), E minor (1#), A minor (0), E minor (1#), A minor (0), A minor (0), A minor (0), A minor (0), D minor (1b), D minor (1b), D major (2#), C phrygian (0), G locrian (1#), A mixolydian (3#), C phrygian (0), C phrygian (0), D major (2#), D minor (1b)
E minor (1#), E minor (1#), A minor (0), E minor (1#), E minor (1#), A minor (0), D minor (1b), D major (2#), A minor (0), D minor (1b), D minor (1b), E minor (1#), A minor (0), A minor (0), A minor (0), E minor (1#), E minor (1#), A minor (0), D minor (1b), D major (2#), A minor (0), D minor (1b), D minor (1b), A major (3#), A minor (0), A minor (0), A minor (0), A minor (0), D minor (1b), A minor (0), A minor (0), E major (4#), A minor (0), E major (4#), A minor (0), E minor (1#), A minor (0), A minor (0), A minor (0), E minor (1#), E major (4#), F# major (6#), A minor (0), A minor (0), A minor (0), A minor (0), E minor (1#), E minor (1#), A minor (0), A minor (0), A minor (0), A minor (0), A minor (0), A minor (0), D minor (1b), A minor (0), A minor (0), E minor (1#), E minor (1#), E minor (1#), A minor (0), E minor (1#), A minor (0), E minor (1#), B minor (2#), E minor (1#), D minor (1b), D minor (1b), A minor (0), A minor (0), E minor (1#), E minor (1#), A minor (0), A minor (0), A minor (0), B minor (2#), E minor (1#), E major (4#), A minor (0), D minor (1b), A minor (0), A minor (0), E minor (1#), E minor (1#), C dorian (0), C dorian (0), C dorian (0), A lydian (3#), C dorian (0), A lydian (3#), F dorian (1b), F dorian (1b), A minor (0), A minor (0), E minor (1#), E minor (1#), A minor (0), A minor (0), A minor (0), A minor (0), A minor (0), D minor (1b), D minor (1b), A minor (0), A minor (0), A minor (0), E minor (1#), E minor (1#), A minor (0), E minor (1#), B minor (2#), B major (5#), E major (4#), A minor (0), D minor (1b), A minor (0), A minor (0), A minor (0), E minor (1#), E minor (1#), A minor (0), A minor (0), A minor (0), E minor (1#), E minor (1#), A minor (0), D minor (1b), D minor (1b), A minor (0), A minor (0), E minor (1#), E minor (1#), C dorian (0), D mixolydian (2#), C dorian (0), E minor (1#), D minor (1b), A minor (0), D minor (1b), D minor (1b), A minor (0), D minor (1b), A minor (0), E minor (1#), A minor (0), A minor (0), A minor (0), A minor (0), A minor (0), A minor (0), D minor (1b), G minor (2b), A minor (0), A minor (0), E minor (1#), E minor (1#), A minor (0), E minor (1#), A minor (0), E minor (1#), E minor (1#), A minor (0), D minor (1b), E minor (1#), A minor (0), A minor (0), A minor (0), A major (3#), A minor (0), A minor (0), A minor (0), A minor (0), E minor (1#), B major (5#), D minor (1b), D minor (1b), A minor (0), E major (4#), E minor (1#), G major (1#), G minor (2b), E minor (1#), A minor (0), A minor (0), A minor (0), E major (4#), C dorian (0), B mixolydian (5#), E minor (1#), A minor (0), E minor (1#), E minor (1#), A minor (0), A minor (0), A minor (0), E minor (1#), E major (4#), A minor (0), D minor (1b), A minor (0), A minor (0), A minor (0), E minor (1#), E minor (1#), A minor (0), D minor (1b), A minor (0), A minor (0), E major (4#), A major (3#), D minor (1b), G minor (2b), A minor (0), E minor (1#), A minor (0), E minor (1#), A minor (0), D phrygian (2#), A minor (0), A minor (0), F# major (6#), F# major (6#), A minor (0), A minor (0), A minor (0), B minor (2#), E minor (1#), A major (3#), A minor (0), A minor (0), A minor (0), C minor (3b), A minor (0), A minor (0), D minor (1b), G minor (2b), A minor (0), A minor (0), E minor (1#), E minor (1#), A minor (0), A minor (0), A minor (0), E minor (1#), E minor (1#), E major (4#), A minor (0), E major (4#), E minor (1#), B major (5#), A minor (0), G minor (2b), A minor (0), A minor (0), A minor (0), A minor (0), E minor (1#), E major (4#), A minor (0), D minor (1b), A minor (0), A minor (0), E minor (1#), G major (1#), G minor (2b), E minor (1#), B minor (2#), B minor (2#), B minor (2#), B minor (2#), D minor (1b), D minor (1b), A minor (0), A minor (0), E minor (1#), E minor (1#), A minor (0), E minor (1#), A minor (0), A minor (0), A minor (0), A minor (0), D minor (1b), D minor (1b), D major (2#), A minor (0), E minor (1#), A major (3#), A minor (0), E minor (1#), E minor (1#), E minor (1#)
D minor mel (1b),  ,  ,  ,  ,  ,  ,  ,  ,  ,  ,  ,  ,  ,  ,  ,  ,  ,  ,  ,  ,  ,  ,  ,  ,  ,  ,  ,  ,  ,  ,  ,  ,  ,  ,  ,  ,  ,  ,  ,  ,  ,  ,  ,  ,  ,  ,  ,  ,  ,  ,  ,  ,  ,  ,  ,  ,  ,  ,  ,  ,  ,  ,  ,  ,  ,  ,  ,  ,  ,  ,  ,  ,  ,  ,  ,  ,  ,  ,  ,  ,  ,  ,  ,  ,  ,  ,  ,  ,  ,  ,  ,  ,  ,  ,  ,  ,  ,  ,  ,  ,  ,  ,  ,  ,  ,  ,  ,  ,  ,  ,  ,  ,  ,  ,  ,  ,  ,  ,  ,  ,  ,  ,  ,  ,  ,  ,  ,  ,  ,  ,  ,  ,  ,  ,  ,  ,  ,  ,  ,  ,  ,  ,  ,  ,  ,  ,  ,  ,  ,  ,  ,  ,  ,  ,  ,  ,  ,  ,  ,  ,  ,  ,  ,  ,  ,  ,  ,  ,  ,  ,  ,  ,  ,  ,  ,  ,  ,  ,  ,  ,  ,  ,  ,  ,  ,  ,  ,  ,  ,  ,  ,  ,  ,  ,  ,  ,  ,  ,  ,  ,  ,  ,  ,  ,  ,  ,  ,  ,  ,  ,  ,  ,  ,  ,  ,  ,  ,  ,  ,  ,  ,  ,  ,  ,  ,  ,  ,  ,  ,  ,  ,  ,  ,  ,  ,  ,  ,  ,  ,  ,  ,  ,  ,  ,  ,  ,  ,  ,  ,  ,  ,  ,  ,  ,  ,  ,  ,  ,  ,  ,  ,  ,  ,  ,  ,  ,  ,  ,  ,  ,  ,  ,  ,  ,  ,  ,  ,  ,  ,  ,  ,  ,  ,  ,  ,  ,  ,  ,  ,  ,  
E minor mel (1#),  ,  ,  ,  ,  ,  ,  ,  ,  ,  ,  ,  ,  ,  ,  ,  ,  ,  ,  ,  ,  ,  ,  ,  ,  ,  ,  ,  ,  ,  ,  ,  ,  ,  ,  ,  ,  ,  ,  ,  ,  ,  ,  ,  ,  ,  ,  ,  ,  ,  ,  ,  ,  ,  ,  ,  ,  ,  ,  ,  ,  ,  ,  ,  ,  ,  ,  ,  ,  ,  ,  ,  ,  ,  ,  ,  ,  ,  ,  ,  ,  ,  ,  ,  ,  ,  ,  ,  ,  ,  ,  ,  ,  ,  ,  ,  ,  ,  ,  ,  ,  ,  ,  ,  ,  ,  ,  ,  ,  ,  ,  ,  ,  ,  ,  ,  ,  ,  ,  ,  ,  ,  ,  ,  ,  ,  ,  ,  ,  ,  ,  ,  ,  ,  ,  ,  ,  ,  ,  ,  ,  ,  ,  ,  ,  ,  ,  ,  ,  ,  ,  ,  ,  ,  ,  ,  ,  ,  ,  ,  ,  ,  ,  ,  ,  ,  ,  ,  ,  ,  ,  ,  ,  ,  ,  ,  ,  ,  ,  ,  ,  ,  ,  ,  ,  ,  ,  ,  ,  ,  ,  ,  ,  ,  ,  ,  ,  ,  ,  ,  ,  ,  ,  ,  ,  ,  ,  ,  ,  ,  ,  ,  ,  ,  ,  ,  ,  ,  ,  ,  ,  ,  ,  ,  ,  ,  ,  ,  ,  ,  ,  ,  ,  ,  ,  ,  ,  ,  ,  ,  ,  ,  ,  ,  ,  ,  ,  ,  ,  ,  ,  ,  ,  ,  ,  ,  ,  ,  ,  ,  ,  ,  ,  ,  ,  ,  ,  ,  ,  ,  ,  ,  ,  ,  ,  ,  ,  ,  ,  ,  ,  ,  ,  ,  ,  ,  ,  ,  ,  ,  ,  
F major blues (1b),  ,  ,  ,  ,  ,  ,  ,  ,  ,  ,  ,  ,  ,  ,  ,  ,  ,  ,  ,  ,  ,  ,  ,  ,  ,  ,  ,  ,  ,  ,  ,  ,  ,  ,  ,  ,  ,  ,  ,  ,  ,  ,  ,  ,  ,  ,  ,  ,  ,  ,  ,  ,  ,  ,  ,  ,  ,  ,  ,  ,  ,  ,  ,  ,  ,  ,  ,  ,  ,  ,  ,  ,  ,  ,  ,  ,  ,  ,  ,  ,  ,  ,  ,  ,  ,  ,  ,  ,  ,  ,  ,  ,  ,  ,  ,  ,  ,  ,  ,  ,  ,  ,  ,  ,  ,  ,  ,  ,  ,  ,  ,  ,  ,  ,  ,  ,  ,  ,  ,  ,  ,  ,  ,  ,  ,  ,  ,  ,  ,  ,  ,  ,  ,  ,  ,  ,  ,  ,  ,  ,  ,  ,  ,  ,  ,  ,  ,  ,  ,  ,  ,  ,  ,  ,  ,  ,  ,  ,  ,  ,  ,  ,  ,  ,  ,  ,  ,  ,  ,  ,  ,  ,  ,  ,  ,  ,  ,  ,  ,  ,  ,  ,  ,  ,  ,  ,  ,  ,  ,  ,  ,  ,  ,  ,  ,  ,  ,  ,  ,  ,  ,  ,  ,  ,  ,  ,  ,  ,  ,  ,  ,  ,  ,  ,  ,  ,  ,  ,  ,  ,  ,  ,  ,  ,  ,  ,  ,  ,  ,  ,  ,  ,  ,  ,  ,  ,  ,  ,  ,  ,  ,  ,  ,  ,  ,  ,  ,  ,  ,  ,  ,  ,  ,  ,  ,  ,  ,  ,  ,  ,  ,  ,  ,  ,  ,  ,  ,  ,  ,  ,  ,  ,  ,  ,  ,  ,  ,  ,  ,  ,  ,  ,  ,  ,  ,  ,  ,  ,  ,  ,  
G major blues (1#),  ,  ,  ,  ,  ,  ,  ,  ,  ,  ,  ,  ,  ,  ,  ,  ,  ,  ,  ,  ,  ,  ,  ,  ,  ,  ,  ,  ,  ,  ,  ,  ,  ,  ,  ,  ,  ,  ,  ,  ,  ,  ,  ,  ,  ,  ,  ,  ,  ,  ,  ,  ,  ,  ,  ,  ,  ,  ,  ,  ,  ,  ,  ,  ,  ,  ,  ,  ,  ,  ,  ,  ,  ,  ,  ,  ,  ,  ,  ,  ,  ,  ,  ,  ,  ,  ,  ,  ,  ,  ,  ,  ,  ,  ,  ,  ,  ,  ,  ,  ,  ,  ,  ,  ,  ,  ,  ,  ,  ,  ,  ,  ,  ,  ,  ,  ,  ,  ,  ,  ,  ,  ,  ,  ,  ,  ,  ,  ,  ,  ,  ,  ,  ,  ,  ,  ,  ,  ,  ,  ,  ,  ,  ,  ,  ,  ,  ,  ,  ,  ,  ,  ,  ,  ,  ,  ,  ,  ,  ,  ,  ,  ,  ,  ,  ,  ,  ,  ,  ,  ,  ,  ,  ,  ,  ,  ,  ,  ,  ,  ,  ,  ,  ,  ,  ,  ,  ,  ,  ,  ,  ,  ,  ,  ,  ,  ,  ,  ,  ,  ,  ,  ,  ,  ,  ,  ,  ,  ,  ,  ,  ,  ,  ,  ,  ,  ,  ,  ,  ,  ,  ,  ,  ,  ,  ,  ,  ,  ,  ,  ,  ,  ,  ,  ,  ,  ,  ,  ,  ,  ,  ,  ,  ,  ,  ,  ,  ,  ,  ,  ,  ,  ,  ,  ,  ,  ,  ,  ,  ,  ,  ,  ,  ,  ,  ,  ,  ,  ,  ,  ,  ,  ,  ,  ,  ,  ,  ,  ,  ,  ,  ,  ,  ,  ,  ,  ,  ,  ,  ,  ,  
D minor blues (1b),  ,  ,  ,  ,  ,  ,  ,  ,  ,  ,  ,  ,  ,  ,  ,  ,  ,  ,  ,  ,  ,  ,  ,  ,  ,  ,  ,  ,  ,  ,  ,  ,  ,  ,  ,  ,  ,  ,  ,  ,  ,  ,  ,  ,  ,  ,  ,  ,  ,  ,  ,  ,  ,  ,  ,  ,  ,  ,  ,  ,  ,  ,  ,  ,  ,  ,  ,  ,  ,  ,  ,  ,  ,  ,  ,  ,  ,  ,  ,  ,  ,  ,  ,  ,  ,  ,  ,  ,  ,  ,  ,  ,  ,  ,  ,  ,  ,  ,  ,  ,  ,  ,  ,  ,  ,  ,  ,  ,  ,  ,  ,  ,  ,  ,  ,  ,  ,  ,  ,  ,  ,  ,  ,  ,  ,  ,  ,  ,  ,  ,  ,  ,  ,  ,  ,  ,  ,  ,  ,  ,  ,  ,  ,  ,  ,  ,  ,  ,  ,  ,  ,  ,  ,  ,  ,  ,  ,  ,  ,  ,  ,  ,  ,  ,  ,  ,  ,  ,  ,  ,  ,  ,  ,  ,  ,  ,  ,  ,  ,  ,  ,  ,  ,  ,  ,  ,  ,  ,  ,  ,  ,  ,  ,  ,  ,  ,  ,  ,  ,  ,  ,  ,  ,  ,  ,  ,  ,  ,  ,  ,  ,  ,  ,  ,  ,  ,  ,  ,  ,  ,  ,  ,  ,  ,  ,  ,  ,  ,  ,  ,  ,  ,  ,  ,  ,  ,  ,  ,  ,  ,  ,  ,  ,  ,  ,  ,  ,  ,  ,  ,  ,  ,  ,  ,  ,  ,  ,  ,  ,  ,  ,  ,  ,  ,  ,  ,  ,  ,  ,  ,  ,  ,  ,  ,  ,  ,  ,  ,  ,  ,  ,  ,  ,  ,  ,  ,  ,  ,  ,  ,  
E minor blues (1#),  ,  ,  ,  ,  ,  ,  ,  ,  ,  ,  ,  ,  ,  ,  ,  ,  ,  ,  ,  ,  ,  ,  ,  ,  ,  ,  ,  ,  ,  ,  ,  ,  ,  ,  ,  ,  ,  ,  ,  ,  ,  ,  ,  ,  ,  ,  ,  ,  ,  ,  ,  ,  ,  ,  ,  ,  ,  ,  ,  ,  ,  ,  ,  ,  ,  ,  ,  ,  ,  ,  ,  ,  ,  ,  ,  ,  ,  ,  ,  ,  ,  ,  ,  ,  ,  ,  ,  ,  ,  ,  ,  ,  ,  ,  ,  ,  ,  ,  ,  ,  ,  ,  ,  ,  ,  ,  ,  ,  ,  ,  ,  ,  ,  ,  ,  ,  ,  ,  ,  ,  ,  ,  ,  ,  ,  ,  ,  ,  ,  ,  ,  ,  ,  ,  ,  ,  ,  ,  ,  ,  ,  ,  ,  ,  ,  ,  ,  ,  ,  ,  ,  ,  ,  ,  ,  ,  ,  ,  ,  ,  ,  ,  ,  ,  ,  ,  ,  ,  ,  ,  ,  ,  ,  ,  ,  ,  ,  ,  ,  ,  ,  ,  ,  ,  ,  ,  ,  ,  ,  ,  ,  ,  ,  ,  ,  ,  ,  ,  ,  ,  ,  ,  ,  ,  ,  ,  ,  ,  ,  ,  ,  ,  ,  ,  ,  ,  ,  ,  ,  ,  ,  ,  ,  ,  ,  ,  ,  ,  ,  ,  ,  ,  ,  ,  ,  ,  ,  ,  ,  ,  ,  ,  ,  ,  ,  ,  ,  ,  ,  ,  ,  ,  ,  ,  ,  ,  ,  ,  ,  ,  ,  ,  ,  ,  ,  ,  ,  ,  ,  ,  ,  ,  ,  ,  ,  ,  ,  ,  ,  ,  ,  ,  ,  ,  ,  ,  ,  ,  ,  ,  
F dorian (1b),  ,  ,  ,  ,  ,  ,  ,  ,  ,  ,  ,  ,  ,  ,  ,  ,  ,  ,  ,  ,  ,  ,  ,  ,  ,  ,  ,  ,  ,  ,  ,  ,  ,  ,  ,  ,  ,  ,  ,  ,  ,  ,  ,  ,  ,  ,  ,  ,  ,  ,  ,  ,  ,  ,  ,  ,  ,  ,  ,  ,  ,  ,  ,  ,  ,  ,  ,  ,  ,  ,  ,  ,  ,  ,  ,  ,  ,  ,  ,  ,  ,  ,  ,  ,  ,  ,  ,  ,  ,  ,  ,  ,  ,  ,  ,  ,  ,  ,  ,  ,  ,  ,  ,  ,  ,  ,  ,  ,  ,  ,  ,  ,  ,  ,  ,  ,  ,  ,  ,  ,  ,  ,  ,  ,  ,  ,  ,  ,  ,  ,  ,  ,  ,  ,  ,  ,  ,  ,  ,  ,  ,  ,  ,  ,  ,  ,  ,  ,  ,  ,  ,  ,  ,  ,  ,  ,  ,  ,  ,  ,  ,  ,  ,  ,  ,  ,  ,  ,  ,  ,  ,  ,  ,  ,  ,  ,  ,  ,  ,  ,  ,  ,  ,  ,  ,  ,  ,  ,  ,  ,  ,  ,  ,  ,  ,  ,  ,  ,  ,  ,  ,  ,  ,  ,  ,  ,  ,  ,  ,  ,  ,  ,  ,  ,  ,  ,  ,  ,  ,  ,  ,  ,  ,  ,  ,  ,  ,  ,  ,  ,  ,  ,  ,  ,  ,  ,  ,  ,  ,  ,  ,  ,  ,  ,  ,  ,  ,  ,  ,  ,  ,  ,  ,  ,  ,  ,  ,  ,  ,  ,  ,  ,  ,  ,  ,  ,  ,  ,  ,  ,  ,  ,  ,  ,  ,  ,  ,  ,  ,  ,  ,  ,  ,  ,  ,  ,  ,  ,  ,  ,  
G dorian (1#),  ,  ,  ,  ,  ,  ,  ,  ,  ,  ,  ,  ,  ,  ,  ,  ,  ,  ,  ,  ,  ,  ,  ,  ,  ,  ,  ,  ,  ,  ,  ,  ,  ,  ,  ,  ,  ,  ,  ,  ,  ,  ,  ,  ,  ,  ,  ,  ,  ,  ,  ,  ,  ,  ,  ,  ,  ,  ,  ,  ,  ,  ,  ,  ,  ,  ,  ,  ,  ,  ,  ,  ,  ,  ,  ,  ,  ,  ,  ,  ,  ,  ,  ,  ,  ,  ,  ,  ,  ,  ,  ,  ,  ,  ,  ,  ,  ,  ,  ,  ,  ,  ,  ,  ,  ,  ,  ,  ,  ,  ,  ,  ,  ,  ,  ,  ,  ,  ,  ,  ,  ,  ,  ,  ,  ,  ,  ,  ,  ,  ,  ,  ,  ,  ,  ,  ,  ,  ,  ,  ,  ,  ,  ,  ,  ,  ,  ,  ,  ,  ,  ,  ,  ,  ,  ,  ,  ,  ,  ,  ,  ,  ,  ,  ,  ,  ,  ,  ,  ,  ,  ,  ,  ,  ,  ,  ,  ,  ,  ,  ,  ,  ,  ,  ,  ,  ,  ,  ,  ,  ,  ,  ,  ,  ,  ,  ,  ,  ,  ,  ,  ,  ,  ,  ,  ,  ,  ,  ,  ,  ,  ,  ,  ,  ,  ,  ,  ,  ,  ,  ,  ,  ,  ,  ,  ,  ,  ,  ,  ,  ,  ,  ,  ,  ,  ,  ,  ,  ,  ,  ,  ,  ,  ,  ,  ,  ,  ,  ,  ,  ,  ,  ,  ,  ,  ,  ,  ,  ,  ,  ,  ,  ,  ,  ,  ,  ,  ,  ,  ,  ,  ,  ,  ,  ,  ,  ,  ,  ,  ,  ,  ,  ,  ,  ,  ,  ,  ,  ,  ,  ,  
F phrygian (1b),  ,  ,  ,  ,  ,  ,  ,  ,  ,  ,  ,  ,  ,  ,  ,  ,  ,  ,  ,  ,  ,  ,  ,  ,  ,  ,  ,  ,  ,  ,  ,  ,  ,  ,  ,  ,  ,  ,  ,  ,  ,  ,  ,  ,  ,  ,  ,  ,  ,  ,  ,  ,  ,  ,  ,  ,  ,  ,  ,  ,  ,  ,  ,  ,  ,  ,  ,  ,  ,  ,  ,  ,  ,  ,  ,  ,  ,  ,  ,  ,  ,  ,  ,  ,  ,  ,  ,  ,  ,  ,  ,  ,  ,  ,  ,  ,  ,  ,  ,  ,  ,  ,  ,  ,  ,  ,  ,  ,  ,  ,  ,  ,  ,  ,  ,  ,  ,  ,  ,  ,  ,  ,  ,  ,  ,  ,  ,  ,  ,  ,  ,  ,  ,  ,  ,  ,  ,  ,  ,  ,  ,  ,  ,  ,  ,  ,  ,  ,  ,  ,  ,  ,  ,  ,  ,  ,  ,  ,  ,  ,  ,  ,  ,  ,  ,  ,  ,  ,  ,  ,  ,  ,  ,  ,  ,  ,  ,  ,  ,  ,  ,  ,  ,  ,  ,  ,  ,  ,  ,  ,  ,  ,  ,  ,  ,  ,  ,  ,  ,  ,  ,  ,  ,  ,  ,  ,  ,  ,  ,  ,  ,  ,  ,  ,  ,  ,  ,  ,  ,  ,  ,  ,  ,  ,  ,  ,  ,  ,  ,  ,  ,  ,  ,  ,  ,  ,  ,  ,  ,  ,  ,  ,  ,  ,  ,  ,  ,  ,  ,  ,  ,  ,  ,  ,  ,  ,  ,  ,  ,  ,  ,  ,  ,  ,  ,  ,  ,  ,  ,  ,  ,  ,  ,  ,  ,  ,  ,  ,  ,  ,  ,  ,  ,  ,  ,  ,  ,  ,  ,  ,  
G phrygian (1#),  ,  ,  ,  ,  ,  ,  ,  ,  ,  ,  ,  ,  ,  ,  ,  ,  ,  ,  ,  ,  ,  ,  ,  ,  ,  ,  ,  ,  ,  ,  ,  ,  ,  ,  ,  ,  ,  ,  ,  ,  ,  ,  ,  ,  ,  ,  ,  ,  ,  ,  ,  ,  ,  ,  ,  ,  ,  ,  ,  ,  ,  ,  ,  ,  ,  ,  ,  ,  ,  ,  ,  ,  ,  ,  ,  ,  ,  ,  ,  ,  ,  ,  ,  ,  ,  ,  ,  ,  ,  ,  ,  ,  ,  ,  ,  ,  ,  ,  ,  ,  ,  ,  ,  ,  ,  ,  ,  ,  ,  ,  ,  ,  ,  ,  ,  ,  ,  ,  ,  ,  ,  ,  ,  ,  ,  ,  ,  ,  ,  ,  ,  ,  ,  ,  ,  ,  ,  ,  ,  ,  ,  ,  ,  ,  ,  ,  ,  ,  ,  ,  ,  ,  ,  ,  ,  ,  ,  ,  ,  ,  ,  ,  ,  ,  ,  ,  ,  ,  ,  ,  ,  ,  ,  ,  ,  ,  ,  ,  ,  ,  ,  ,  ,  ,  ,  ,  ,  ,  ,  ,  ,  ,  ,  ,  ,  ,  ,  ,  ,  ,  ,  ,  ,  ,  ,  ,  ,  ,  ,  ,  ,  ,  ,  ,  ,  ,  ,  ,  ,  ,  ,  ,  ,  ,  ,  ,  ,  ,  ,  ,  ,  ,  ,  ,  ,  ,  ,  ,  ,  ,  ,  ,  ,  ,  ,  ,  ,  ,  ,  ,  ,  ,  ,  ,  ,  ,  ,  ,  ,  ,  ,  ,  ,  ,  ,  ,  ,  ,  ,  ,  ,  ,  ,  ,  ,  ,  ,  ,  ,  ,  ,  ,  ,  ,  ,  ,  ,  ,  ,  ,  
F lydian (1b),  ,  ,  ,  ,  ,  ,  ,  ,  ,  ,  ,  ,  ,  ,  ,  ,  ,  ,  ,  ,  ,  ,  ,  ,  ,  ,  ,  ,  ,  ,  ,  ,  ,  ,  ,  ,  ,  ,  ,  ,  ,  ,  ,  ,  ,  ,  ,  ,  ,  ,  ,  ,  ,  ,  ,  ,  ,  ,  ,  ,  ,  ,  ,  ,  ,  ,  ,  ,  ,  ,  ,  ,  ,  ,  ,  ,  ,  ,  ,  ,  ,  ,  ,  ,  ,  ,  ,  ,  ,  ,  ,  ,  ,  ,  ,  ,  ,  ,  ,  ,  ,  ,  ,  ,  ,  ,  ,  ,  ,  ,  ,  ,  ,  ,  ,  ,  ,  ,  ,  ,  ,  ,  ,  ,  ,  ,  ,  ,  ,  ,  ,  ,  ,  ,  ,  ,  ,  ,  ,  ,  ,  ,  ,  ,  ,  ,  ,  ,  ,  ,  ,  ,  ,  ,  ,  ,  ,  ,  ,  ,  ,  ,  ,  ,  ,  ,  ,  ,  ,  ,  ,  ,  ,  ,  ,  ,  ,  ,  ,  ,  ,  ,  ,  ,  ,  ,  ,  ,  ,  ,  ,  ,  ,  ,  ,  ,  ,  ,  ,  ,  ,  ,  ,  ,  ,  ,  ,  ,  ,  ,  ,  ,  ,  ,  ,  ,  ,  ,  ,  ,  ,  ,  ,  ,  ,  ,  ,  ,  ,  ,  ,  ,  ,  ,  ,  ,  ,  ,  ,  ,  ,  ,  ,  ,  ,  ,  ,  ,  ,  ,  ,  ,  ,  ,  ,  ,  ,  ,  ,  ,  ,  ,  ,  ,  ,  ,  ,  ,  ,  ,  ,  ,  ,  ,  ,  ,  ,  ,  ,  ,  ,  ,  ,  ,  ,  ,  ,  ,  ,  ,  
G lydian (1#),  ,  ,  ,  ,  ,  ,  ,  ,  ,  ,  ,  ,  ,  ,  ,  ,  ,  ,  ,  ,  ,  ,  ,  ,  ,  ,  ,  ,  ,  ,  ,  ,  ,  ,  ,  ,  ,  ,  ,  ,  ,  ,  ,  ,  ,  ,  ,  ,  ,  ,  ,  ,  ,  ,  ,  ,  ,  ,  ,  ,  ,  ,  ,  ,  ,  ,  ,  ,  ,  ,  ,  ,  ,  ,  ,  ,  ,  ,  ,  ,  ,  ,  ,  ,  ,  ,  ,  ,  ,  ,  ,  ,  ,  ,  ,  ,  ,  ,  ,  ,  ,  ,  ,  ,  ,  ,  ,  ,  ,  ,  ,  ,  ,  ,  ,  ,  ,  ,  ,  ,  ,  ,  ,  ,  ,  ,  ,  ,  ,  ,  ,  ,  ,  ,  ,  ,  ,  ,  ,  ,  ,  ,  ,  ,  ,  ,  ,  ,  ,  ,  ,  ,  ,  ,  ,  ,  ,  ,  ,  ,  ,  ,  ,  ,  ,  ,  ,  ,  ,  ,  ,  ,  ,  ,  ,  ,  ,  ,  ,  ,  ,  ,  ,  ,  ,  ,  ,  ,  ,  ,  ,  ,  ,  ,  ,  ,  ,  ,  ,  ,  ,  ,  ,  ,  ,  ,  ,  ,  ,  ,  ,  ,  ,  ,  ,  ,  ,  ,  ,  ,  ,  ,  ,  ,  ,  ,  ,  ,  ,  ,  ,  ,  ,  ,  ,  ,  ,  ,  ,  ,  ,  ,  ,  ,  ,  ,  ,  ,  ,  ,  ,  ,  ,  ,  ,  ,  ,  ,  ,  ,  ,  ,  ,  ,  ,  ,  ,  ,  ,  ,  ,  ,  ,  ,  ,  ,  ,  ,  ,  ,  ,  ,  ,  ,  ,  ,  ,  ,  ,  ,  
F mixolydian (1b),  ,  ,  ,  ,  ,  ,  ,  ,  ,  ,  ,  ,  ,  ,  ,  ,  ,  ,  ,  ,  ,  ,  ,  ,  ,  ,  ,  ,  ,  ,  ,  ,  ,  ,  ,  ,  ,  ,  ,  ,  ,  ,  ,  ,  ,  ,  ,  ,  ,  ,  ,  ,  ,  ,  ,  ,  ,  ,  ,  ,  ,  ,  ,  ,  ,  ,  ,  ,  ,  ,  ,  ,  ,  ,  ,  ,  ,  ,  ,  ,  ,  ,  ,  ,  ,  ,  ,  ,  ,  ,  ,  ,  ,  ,  ,  ,  ,  ,  ,  ,  ,  ,  ,  ,  ,  ,  ,  ,  ,  ,  ,  ,  ,  ,  ,  ,  ,  ,  ,  ,  ,  ,  ,  ,  ,  ,  ,  ,  ,  ,  ,  ,  ,  ,  ,  ,  ,  ,  ,  ,  ,  ,  ,  ,  ,  ,  ,  ,  ,  ,  ,  ,  ,  ,  ,  ,  ,  ,  ,  ,  ,  ,  ,  ,  ,  ,  ,  ,  ,  ,  ,  ,  ,  ,  ,  ,  ,  ,  ,  ,  ,  ,  ,  ,  ,  ,  ,  ,  ,  ,  ,  ,  ,  ,  ,  ,  ,  ,  ,  ,  ,  ,  ,  ,  ,  ,  ,  ,  ,  ,  ,  ,  ,  ,  ,  ,  ,  ,  ,  ,  ,  ,  ,  ,  ,  ,  ,  ,  ,  ,  ,  ,  ,  ,  ,  ,  ,  ,  ,  ,  ,  ,  ,  ,  ,  ,  ,  ,  ,  ,  ,  ,  ,  ,  ,  ,  ,  ,  ,  ,  ,  ,  ,  ,  ,  ,  ,  ,  ,  ,  ,  ,  ,  ,  ,  ,  ,  ,  ,  ,  ,  ,  ,  ,  ,  ,  ,  ,  ,  ,  
G mixolydian (1#),  ,  ,  ,  ,  ,  ,  ,  ,  ,  ,  ,  ,  ,  ,  ,  ,  ,  ,  ,  ,  ,  ,  ,  ,  ,  ,  ,  ,  ,  ,  ,  ,  ,  ,  ,  ,  ,  ,  ,  ,  ,  ,  ,  ,  ,  ,  ,  ,  ,  ,  ,  ,  ,  ,  ,  ,  ,  ,  ,  ,  ,  ,  ,  ,  ,  ,  ,  ,  ,  ,  ,  ,  ,  ,  ,  ,  ,  ,  ,  ,  ,  ,  ,  ,  ,  ,  ,  ,  ,  ,  ,  ,  ,  ,  ,  ,  ,  ,  ,  ,  ,  ,  ,  ,  ,  ,  ,  ,  ,  ,  ,  ,  ,  ,  ,  ,  ,  ,  ,  ,  ,  ,  ,  ,  ,  ,  ,  ,  ,  ,  ,  ,  ,  ,  ,  ,  ,  ,  ,  ,  ,  ,  ,  ,  ,  ,  ,  ,  ,  ,  ,  ,  ,  ,  ,  ,  ,  ,  ,  ,  ,  ,  ,  ,  ,  ,  ,  ,  ,  ,  ,  ,  ,  ,  ,  ,  ,  ,  ,  ,  ,  ,  ,  ,  ,  ,  ,  ,  ,  ,  ,  ,  ,  ,  ,  ,  ,  ,  ,  ,  ,  ,  ,  ,  ,  ,  ,  ,  ,  ,  ,  ,  ,  ,  ,  ,  ,  ,  ,  ,  ,  ,  ,  ,  ,  ,  ,  ,  ,  ,  ,  ,  ,  ,  ,  ,  ,  ,  ,  ,  ,  ,  ,  ,  ,  ,  ,  ,  ,  ,  ,  ,  ,  ,  ,  ,  ,  ,  ,  ,  ,  ,  ,  ,  ,  ,  ,  ,  ,  ,  ,  ,  ,  ,  ,  ,  ,  ,  ,  ,  ,  ,  ,  ,  ,  ,  ,  ,  ,  ,  
F aeolian (1b),  ,  ,  ,  ,  ,  ,  ,  ,  ,  ,  ,  ,  ,  ,  ,  ,  ,  ,  ,  ,  ,  ,  ,  ,  ,  ,  ,  ,  ,  ,  ,  ,  ,  ,  ,  ,  ,  ,  ,  ,  ,  ,  ,  ,  ,  ,  ,  ,  ,  ,  ,  ,  ,  ,  ,  ,  ,  ,  ,  ,  ,  ,  ,  ,  ,  ,  ,  ,  ,  ,  ,  ,  ,  ,  ,  ,  ,  ,  ,  ,  ,  ,  ,  ,  ,  ,  ,  ,  ,  ,  ,  ,  ,  ,  ,  ,  ,  ,  ,  ,  ,  ,  ,  ,  ,  ,  ,  ,  ,  ,  ,  ,  ,  ,  ,  ,  ,  ,  ,  ,  ,  ,  ,  ,  ,  ,  ,  ,  ,  ,  ,  ,  ,  ,  ,  ,  ,  ,  ,  ,  ,  ,  ,  ,  ,  ,  ,  ,  ,  ,  ,  ,  ,  ,  ,  ,  ,  ,  ,  ,  ,  ,  ,  ,  ,  ,  ,  ,  ,  ,  ,  ,  ,  ,  ,  ,  ,  ,  ,  ,  ,  ,  ,  ,  ,  ,  ,  ,  ,  ,  ,  ,  ,  ,  ,  ,  ,  ,  ,  ,  ,  ,  ,  ,  ,  ,  ,  ,  ,  ,  ,  ,  ,  ,  ,  ,  ,  ,  ,  ,  ,  ,  ,  ,  ,  ,  ,  ,  ,  ,  ,  ,  ,  ,  ,  ,  ,  ,  ,  ,  ,  ,  ,  ,  ,  ,  ,  ,  ,  ,  ,  ,  ,  ,  ,  ,  ,  ,  ,  ,  ,  ,  ,  ,  ,  ,  ,  ,  ,  ,  ,  ,  ,  ,  ,  ,  ,  ,  ,  ,  ,  ,  ,  ,  ,  ,  ,  ,  ,  ,  
G aeolian (1#),  ,  ,  ,  ,  ,  ,  ,  ,  ,  ,  ,  ,  ,  ,  ,  ,  ,  ,  ,  ,  ,  ,  ,  ,  ,  ,  ,  ,  ,  ,  ,  ,  ,  ,  ,  ,  ,  ,  ,  ,  ,  ,  ,  ,  ,  ,  ,  ,  ,  ,  ,  ,  ,  ,  ,  ,  ,  ,  ,  ,  ,  ,  ,  ,  ,  ,  ,  ,  ,  ,  ,  ,  ,  ,  ,  ,  ,  ,  ,  ,  ,  ,  ,  ,  ,  ,  ,  ,  ,  ,  ,  ,  ,  ,  ,  ,  ,  ,  ,  ,  ,  ,  ,  ,  ,  ,  ,  ,  ,  ,  ,  ,  ,  ,  ,  ,  ,  ,  ,  ,  ,  ,  ,  ,  ,  ,  ,  ,  ,  ,  ,  ,  ,  ,  ,  ,  ,  ,  ,  ,  ,  ,  ,  ,  ,  ,  ,  ,  ,  ,  ,  ,  ,  ,  ,  ,  ,  ,  ,  ,  ,  ,  ,  ,  ,  ,  ,  ,  ,  ,  ,  ,  ,  ,  ,  ,  ,  ,  ,  ,  ,  ,  ,  ,  ,  ,  ,  ,  ,  ,  ,  ,  ,  ,  ,  ,  ,  ,  ,  ,  ,  ,  ,  ,  ,  ,  ,  ,  ,  ,  ,  ,  ,  ,  ,  ,  ,  ,  ,  ,  ,  ,  ,  ,  ,  ,  ,  ,  ,  ,  ,  ,  ,  ,  ,  ,  ,  ,  ,  ,  ,  ,  ,  ,  ,  ,  ,  ,  ,  ,  ,  ,  ,  ,  ,  ,  ,  ,  ,  ,  ,  ,  ,  ,  ,  ,  ,  ,  ,  ,  ,  ,  ,  ,  ,  ,  ,  ,  ,  ,  ,  ,  ,  ,  ,  ,  ,  ,  ,  ,  
F locrian (1b),  ,  ,  ,  ,  ,  ,  ,  ,  ,  ,  ,  ,  ,  ,  ,  ,  ,  ,  ,  ,  ,  ,  ,  ,  ,  ,  ,  ,  ,  ,  ,  ,  ,  ,  ,  ,  ,  ,  ,  ,  ,  ,  ,  ,  ,  ,  ,  ,  ,  ,  ,  ,  ,  ,  ,  ,  ,  ,  ,  ,  ,  ,  ,  ,  ,  ,  ,  ,  ,  ,  ,  ,  ,  ,  ,  ,  ,  ,  ,  ,  ,  ,  ,  ,  ,  ,  ,  ,  ,  ,  ,  ,  ,  ,  ,  ,  ,  ,  ,  ,  ,  ,  ,  ,  ,  ,  ,  ,  ,  ,  ,  ,  ,  ,  ,  ,  ,  ,  ,  ,  ,  ,  ,  ,  ,  ,  ,  ,  ,  ,  ,  ,  ,  ,  ,  ,  ,  ,  ,  ,  ,  ,  ,  ,  ,  ,  ,  ,  ,  ,  ,  ,  ,  ,  ,  ,  ,  ,  ,  ,  ,  ,  ,  ,  ,  ,  ,  ,  ,  ,  ,  ,  ,  ,  ,  ,  ,  ,  ,  ,  ,  ,  ,  ,  ,  ,  ,  ,  ,  ,  ,  ,  ,  ,  ,  ,  ,  ,  ,  ,  ,  ,  ,  ,  ,  ,  ,  ,  ,  ,  ,  ,  ,  ,  ,  ,  ,  ,  ,  ,  ,  ,  ,  ,  ,  ,  ,  ,  ,  ,  ,  ,  ,  ,  ,  ,  ,  ,  ,  ,  ,  ,  ,  ,  ,  ,  ,  ,  ,  ,  ,  ,  ,  ,  ,  ,  ,  ,  ,  ,  ,  ,  ,  ,  ,  ,  ,  ,  ,  ,  ,  ,  ,  ,  ,  ,  ,  ,  ,  ,  ,  ,  ,  ,  ,  ,  ,  ,  ,  ,  
G locrian (1#),  ,  ,  ,  ,  ,  ,  ,  ,  ,  ,  ,  ,  ,  ,  ,  ,  ,  ,  ,  ,  ,  ,  ,  ,  ,  ,  ,  ,  ,  ,  ,  ,  ,  ,  ,  ,  ,  ,  ,  ,  ,  ,  ,  ,  ,  ,  ,  ,  ,  ,  ,  ,  ,  ,  ,  ,  ,  ,  ,  ,  ,  ,  ,  ,  ,  ,  ,  ,  ,  ,  ,  ,  ,  ,  ,  ,  ,  ,  ,  ,  ,  ,  ,  ,  ,  ,  ,  ,  ,  ,  ,  ,  ,  ,  ,  ,  ,  ,  ,  ,  ,  ,  ,  ,  ,  ,  ,  ,  ,  ,  ,  ,  ,  ,  ,  ,  ,  ,  ,  ,  ,  ,  ,  ,  ,  ,  ,  ,  ,  ,  ,  ,  ,  ,  ,  ,  ,  ,  ,  ,  ,  ,  ,  ,  ,  ,  ,  ,  ,  ,  ,  ,  ,  ,  ,  ,  ,  ,  ,  ,  ,  ,  ,  ,  ,  ,  ,  ,  ,  ,  ,  ,  ,  ,  ,  ,  ,  ,  ,  ,  ,  ,  ,  ,  ,  ,  ,  ,  ,  ,  ,  ,  ,  ,  ,  ,  ,  ,  ,  ,  ,  ,  ,  ,  ,  ,  ,  ,  ,  ,  ,  ,  ,  ,  ,  ,  ,  ,  ,  ,  ,  ,  ,  ,  ,  ,  ,  ,  ,  ,  ,  ,  ,  ,  ,  ,  ,  ,  ,  ,  ,  ,  ,  ,  ,  ,  ,  ,  ,  ,  ,  ,  ,  ,  ,  ,  ,  ,  ,  ,  ,  ,  ,  ,  ,  ,  ,  ,  ,  ,  ,  ,  ,  ,  ,  ,  ,  ,  ,  ,  ,  ,  ,  ,  ,  ,  ,  ,  ,  ,  
Bb major (2b), F major (1b), C major (0), F major (1b), Bb major (2b), Bb major (2b), F major (1b), F major (1b), C major (0), F major (1b), F major (1b), G major (1#), C major (0), F major (1b), C major (0), F major (1b), Bb major (2b), Bb major (2b), F major (1b), F major (1b), C major (0), F major (1b), F major (1b), G major (1#), C major (0), C major (0), C major (0), F major (1b), F major (1b), F minor (4b), F major (1b), G major (1#), C major (0), C minor (3b), C major (0), G major (1#), C major (0), C major (0), C major (0), G major (1#), F major (1b), F minor (4b), F major (1b), F major (1b), C major (0), C major (0), C major (0), G major (1#), C major (0), F major (1b), C major (0), C major (0), F major (1b), F major (1b), F major (1b), F major (1b), C major (0), C major (0), G major (1#), G major (1#), C major (0), G major (1#), C major (0), G major (1#), D mixolydian (2#), F mixolydian (1b), F mixolydian (1b), F mixolydian (1b), C mixolydian (0), F major (1b), F major (1b), G major (1#), C major (0), F major (1b), C major (0), G major (1#), G major (1#), G major (1#), F major (1b), F major (1b), C major (0), C major (0), C major (0), G major (1#), C major (0), C major (0), C major (0), A major (3#), C major (0), Eb major (3b), F major (1b), F major (1b), C major (0), C major (0), C major (0), G major (1#), C major (0), C major (0), C major (0), F major (1b), F major (1b), F major (1b), F major (1b), F major (1b), C major (0), C major (0), G major (1#), G minor (2b), C major (0), F major (1b), C mixolydian (0), F mixolydian (1b), D mixolydian (2#), F mixolydian (1b), F mixolydian (1b), F mixolydian (1b), C mixolydian (0), C mixolydian (0), F major (1b), G major (1#), C major (0), C major (0), C major (0), C major (0), F major (1b), F major (1b), F major (1b), F major (1b), C major (0), C major (0), G major (1#), G major (1#), C major (0), F major (1b), C major (0), G major (1#), F major (1b), F major (1b), F major (1b), F major (1b), C major (0), F major (1b), C major (0), G major (1#), C major (0), C major (0), C major (0), F major (1b), F major (1b), F major (1b), F major (1b), Bb major (2b), C major (0), C major (0), C major (0), G major (1#), C major (0), G major (1#), C major (0), G major (1#), G major (1#), C major (0), F major (1b), G major (1#), C major (0), Bb major (2b), F major (1b), G major (1#), C major (0), F major (1b), C major (0), C major (0), F major (1b), F minor (4b), F major (1b), F major (1b), C major (0), C major (0), F major (1b), G major (1#), G minor (2b), G major (1#), C major (0), F major (1b), F major (1b), Bb major (2b), F mixolydian (1b), Ab phrygian (4b), C mixolydian (0), F major (1b), G major (1#), G major (1#), C major (0), C major (0), C major (0), F major (1b), D major (2#), C major (0), F major (1b), F major (1b), C major (0), C major (0), F major (1b), Bb major (2b), C major (0), F major (1b), C mixolydian (0), Bb major (2b), F mixolydian (1b), Eb dorian (3b), F mixolydian (1b), Bb major (2b), C major (0), G major (1#), C major (0), G major (1#), C major (0), G major (1#), C major (0), C major (0), Eb minor (6b), Bb minor (5b), F major (1b), F major (1b), C major (0), G major (1#), G major (1#), G major (1#), C major (0), F major (1b), C mixolydian (0), F minor (4b), F major (1b), F major (1b), F major (1b), Bb major (2b), C major (0), C major (0), C major (0), G major (1#), C major (0), C major (0), C major (0), G major (1#), G major (1#), Bb major (2b), F major (1b), Bb major (2b), C major (0), F major (1b), C mixolydian (0), Bb major (2b), C major (0), C major (0), C major (0), F major (1b), Bb major (2b), Bb major (2b), F major (1b), F major (1b), C major (0), C major (0), G major (1#), G major (1#), G minor (2b), G major (1#), C major (0), Eb minor (6b), Eb minor (6b), C major (0), F major (1b), F major (1b), C major (0), C major (0), C major (0), G major (1#), C major (0), G major (1#), C major (0), C major (0), C major (0), C major (0), F major (1b), F major (1b), C major (0), C major (0), G major (1#), G major (1#), C major (0), C major (0), G major (1#), G minor (2b)
D major (2#), G major (1#), C major (0), G major (1#), D major (2#), D major (2#), D minor (1b), D major (2#), A minor (0), D minor (1b), D minor (1b), G major (1#), C major (0), G major (1#), C major (0), G major (1#), D major (2#), D major (2#), D minor (1b), D major (2#), A minor (0), D minor (1b), D minor (1b), A major (3#), A minor (0), A minor (0), A minor (0), D minor (1b), D minor (1b), A minor (0), D minor (1b), A mixolydian (3#), C phrygian (0), G minor (2b), C major (0), G major (1#), C lydian (0), C lydian (0), C lydian (0), G lydian (1#), D minor (1b), C minor (3b), D minor (1b), D minor (1b), A minor (0), C major (0), G major (1#), G major (1#), C major (0), G major (1#), D major (2#), D major (2#), D major (2#), D major (2#), D minor (1b), D minor (1b), A minor (0), G major (1#), G major (1#), G major (1#), C major (0), G major (1#), C major (0), G major (1#), D major (2#), D major (2#), D minor (1b), D minor (1b), A minor (0), D minor (1b), D minor (1b), G major (1#), C major (0), G major (1#), C lydian (0), D major (2#), G lydian (1#), A mixolydian (3#), D minor (1b), D minor (1b), A minor (0), C major (0), G major (1#), G major (1#), C major (0), C major (0), A minor (0), A major (3#), A minor (0), A major (3#), D minor (1b), D minor (1b), D major (2#), D major (2#), G major (1#), G major (1#), C major (0), G major (1#), C major (0), G major (1#), D major (2#), D minor (1b), D minor (1b), D minor (1b), A minor (0), C major (0), G major (1#), G minor (2b), A minor (0), D minor (1b), A minor (0), D minor (1b), D major (2#), D minor (1b), D minor (1b), D minor (1b), A minor (0), C major (0), G major (1#), G major (1#), C major (0), C major (0), C major (0), G major (1#), D major (2#), D minor (1b), D minor (1b), D minor (1b), C phrygian (0), A mixolydian (3#), G major (1#), G major (1#), C lydian (0), D major (2#), D major (2#), D major (2#), D minor (1b), D minor (1b), D minor (1b), D minor (1b), A minor (0), D minor (1b), G major (1#), G major (1#), C major (0), C major (0), C major (0), G major (1#), D major (2#), D major (2#), D minor (1b), G minor (2b), C major (0), C major (0), G major (1#), G major (1#), C major (0), G major (1#), C major (0), G major (1#), G major (1#), C major (0), F major (1b), G major (1#), C lydian (0), Bb dorian (2b), G lydian (1#), A major (3#), A minor (0), D minor (1b), A minor (0), A minor (0), E minor (1#), B major (5#), D minor (1b), D minor (1b), C phrygian (0), A mixolydian (3#), D minor (1b), G major (1#), G minor (2b), G major (1#), C major (0), C major (0), A minor (0), E major (4#), D minor (1b), F minor (4b), C major (0), C major (0), G major (1#), G major (1#), C major (0), C major (0), A minor (0), D minor (1b), D major (2#), A minor (0), D minor (1b), D minor (1b), C phrygian (0), A mixolydian (3#), G major (1#), G minor (2b), A minor (0), D minor (1b), C phrygian (0), G minor (2b), E major (4#), A major (3#), D minor (1b), G minor (2b), C major (0), G major (1#), C major (0), G major (1#), C lydian (0), D major (2#), C phrygian (0), C phrygian (0), F# mixolydian (6#), F# mixolydian (6#), D minor (1b), D minor (1b), D major (2#), D major (2#), G lydian (1#), A major (3#), A minor (0), A minor (0), C major (0), F minor (4b), D minor (1b), D minor (1b), D minor (1b), G minor (2b), C phrygian (0), A mixolydian (3#), G major (1#), G major (1#), C major (0), C major (0), C major (0), G major (1#), D major (2#), A mixolydian (3#), D minor (1b), A mixolydian (3#), B minor (2#), B major (5#), A minor (0), A major (3#), A minor (0), A minor (0), A minor (0), D minor (1b), D major (2#), E major (4#), D minor (1b), D minor (1b), A minor (0), A minor (0), G major (1#), G major (1#), G minor (2b), G major (1#), D major (2#), D major (2#), D major (2#), D major (2#), D minor (1b), D minor (1b), D major (2#), C major (0), G major (1#), G major (1#), C major (0), G major (1#), C major (0), C major (0), C major (0), A minor (0), D minor (1b), D minor (1b), D major (2#), C lydian (0), G lydian (1#), A major (3#), A minor (0), G major (1#), D major (2#), D major (2#)
G minor (2b), G major (1#), C major (0), G major (1#), G minor (2b), G minor (2b), F phrygian (1b), D mixolydian (2#), C phrygian (0), F phrygian (1b), F phrygian (1b), G major (1#), C major (0), G major (1#), C major (0), G major (1#), G minor (2b), G minor (2b), F phrygian (1b), D mixolydian (2#), C phrygian (0), F phrygian (1b), F phrygian (1b), G major (1#), C major (0), C major (0), A minor (0), D minor (1b), D minor (1b), F minor (4b), F major (1b), G major (1#), C major (0), C minor (3b), C major (0), G major (1#), C major (0), C major (0), C major (0), G major (1#), F phrygian (1b), C minor (3b), D minor (1b), D minor (1b), A minor (0), C major (0), G major (1#), G major (1#), C major (0), G major (1#), G major (1#), G major (1#), G minor (2b), F phrygian (1b), F phrygian (1b), F phrygian (1b), C locrian (0), G minor (2b), G major (1#), G major (1#), C major (0), G major (1#), C major (0), G major (1#), D mixolydian (2#), F phrygian (1b), F phrygian (1b), F phrygian (1b), C locrian (0), G minor (2b), G major (1#), G major (1#), C major (0), G major (1#), C lydian (0), D major (2#), G major (1#), G major (1#), D minor (1b), D minor (1b), A minor (0), C major (0), G major (1#), G major (1#), C major (0), C major (0), A minor (0), A major (3#), A minor (0), C minor (3b), D minor (1b), D minor (1b), A minor (0), A minor (0), G major (1#), G major (1#), C major (0), G major (1#), C major (0), G major (1#), G major (1#), G minor (2b), D minor (1b), D minor (1b), A minor (0), C major (0), G major (1#), G minor (2b), A minor (0), D minor (1b), A minor (0), D minor (1b), D major (2#), D minor (1b), D minor (1b), D minor (1b), A minor (0), C major (0), G major (1#), G major (1#), C major (0), C major (0), C major (0), G major (1#), G major (1#), G minor (2b), D minor (1b), D minor (1b), C phrygian (0), F phrygian (1b), G major (1#), G major (1#), C lydian (0), D mixolydian (2#), C major (0), G major (1#), D minor (1b), D minor (1b), D minor (1b), D minor (1b), C phrygian (0), F phrygian (1b), G major (1#), G major (1#), C major (0), C major (0), A minor (0), D minor (1b), D minor (1b), D minor (1b), D minor (1b), G minor (2b), C major (0), C major (0), G major (1#), G major (1#), C major (0), G major (1#), C major (0), G major (1#), G major (1#), C major (0), F major (1b), G major (1#), C lydian (0), G minor (2b), G major (1#), G major (1#), C major (0), G major (1#), C major (0), C major (0), F major (1b), F minor (4b), D minor (1b), D minor (1b), C phrygian (0), A mixolydian (3#), F phrygian (1b), G major (1#), G minor (2b), G major (1#), C lydian (0), G minor (2b), D minor (1b), G minor (2b), D minor (1b), F minor (4b), C major (0), C major (0), G major (1#), G major (1#), C major (0), C major (0), A minor (0), D minor (1b), D major (2#), A minor (0), D minor (1b), D minor (1b), A minor (0), A minor (0), D minor (1b), G minor (2b), C phrygian (0), F phrygian (1b), C locrian (0), G minor (2b), F phrygian (1b), C minor (3b), D minor (1b), G minor (2b), C major (0), G major (1#), C major (0), G major (1#), C lydian (0), D mixolydian (2#), C lydian (0), C lydian (0), Gb dorian (6b), Bb minor (5b), F mixolydian (1b), F mixolydian (1b), D mixolydian (2#), D mixolydian (2#), G major (1#), G major (1#), C lydian (0), Eb dorian (3b), C lydian (0), Ab dorian (4b), G minor (2b), G minor (2b), D minor (1b), G minor (2b), C major (0), C major (0), G major (1#), G major (1#), C major (0), C major (0), C major (0), G major (1#), G major (1#), G minor (2b), D minor (1b), G minor (2b), C phrygian (0), F phrygian (1b), C locrian (0), G minor (2b), A minor (0), A minor (0), A minor (0), D minor (1b), G minor (2b), G minor (2b), D minor (1b), G minor (2b), G major (1#), G major (1#), G major (1#), G major (1#), G minor (2b), G major (1#), D major (2#), D major (2#), D major (2#), D major (2#), D minor (1b), D minor (1b), A minor (0), C major (0), G major (1#), G major (1#), C major (0), G major (1#), C major (0), C major (0), C major (0), A minor (0), D minor (1b), D minor (1b), D major (2#), C major (0), G major (1#), G major (1#), C major (0), G major (1#), G major (1#), G major (1#)
B minor (2#), E minor (1#), A minor (0), E minor (1#), B minor (2#), D major (2#), D minor (1b), D major (2#), A minor (0), D minor (1b), D minor (1b), E minor (1#), A minor (0), E minor (1#), A minor (0), E minor (1#), B minor (2#), D major (2#), D minor (1b), D major (2#), A minor (0), D minor (1b), D minor (1b), A major (3#), A minor (0), A minor (0), A minor (0), A minor (0), D minor (1b), A minor (0), D minor (1b), A major (3#), A minor (0), E major (4#), A minor (0), E minor (1#), C dorian (0), C dorian (0), C dorian (0), G dorian (1#), E lydian (4#), F# major (6#), A minor (0), E minor (1#), A minor (0), A minor (0), E minor (1#), E minor (1#), A minor (0), E minor (1#), B minor (2#), B minor (2#), B minor (2#), D major (2#), D minor (1b), D minor (1b), A minor (0), E minor (1#), E minor (1#), E minor (1#), A minor (0), E minor (1#), A minor (0), E minor (1#), B minor (2#), D major (2#), D minor (1b), D minor (1b), A minor (0), A minor (0), E minor (1#), E minor (1#), A minor (0), E minor (1#), A minor (0), B minor (2#), G dorian (1#), A mixolydian (3#), D minor (1b), D minor (1b), A minor (0), A minor (0), E minor (1#), E minor (1#), A minor (0), A minor (0), A minor (0), A major (3#), A minor (0), A major (3#), D minor (1b), D minor (1b), A minor (0), A minor (0), E minor (1#), E minor (1#), A minor (0), E minor (1#), A minor (0), E minor (1#), E minor (1#), D minor (1b), D minor (1b), D minor (1b), A minor (0), A minor (0), E minor (1#), E minor (1#), A minor (0), E minor (1#), B minor (2#), B major (5#), E major (4#), A minor (0), D minor (1b), D minor (1b), A minor (0), A minor (0), E minor (1#), E minor (1#), A minor (0), A minor (0), A minor (0), E minor (1#), E minor (1#), A minor (0), D minor (1b), D minor (1b), A minor (0), A minor (0), E minor (1#), E minor (1#), A minor (0), B minor (2#), B minor (2#), D major (2#), D minor (1b), D major (2#), D minor (1b), D minor (1b), A minor (0), D minor (1b), E minor (1#), E minor (1#), A minor (0), A minor (0), A minor (0), E minor (1#), B minor (2#), B minor (2#), D minor (1b), D minor (1b), A minor (0), A minor (0), E minor (1#), E minor (1#), A minor (0), E minor (1#), A minor (0), E minor (1#), E minor (1#), A minor (0), D minor (1b), E minor (1#), C dorian (0), C dorian (0), G dorian (1#), A mixolydian (3#), C dorian (0), E minor (1#), A minor (0), A minor (0), E minor (1#), B major (5#), D minor (1b), D minor (1b), A minor (0), A major (3#), D minor (1b), A major (3#), A minor (0), E minor (1#), A minor (0), E minor (1#), C dorian (0), E lydian (4#), C dorian (0), B major (5#), B minor (2#), A minor (0), E minor (1#), E minor (1#), A minor (0), A minor (0), A minor (0), D minor (1b), D major (2#), A minor (0), D minor (1b), D minor (1b), A minor (0), A minor (0), E minor (1#), E minor (1#), A minor (0), D minor (1b), A minor (0), A minor (0), E major (4#), A major (3#), D minor (1b), D minor (1b), A minor (0), E minor (1#), A minor (0), E minor (1#), A minor (0), B minor (2#), A minor (0), A minor (0), F# major (6#), F# major (6#), A minor (0), A minor (0), B minor (2#), B minor (2#), E minor (1#), F# minor (3#), A minor (0), A minor (0), D minor (1b), F minor (4b), D minor (1b), D minor (1b), D minor (1b), A minor (0), A minor (0), A minor (0), E minor (1#), E minor (1#), C dorian (0), C dorian (0), C dorian (0), G dorian (1#), G dorian (1#), E lydian (4#), C dorian (0), E lydian (4#), B minor (2#), B major (5#), A minor (0), A major (3#), A minor (0), E minor (1#), A minor (0), A minor (0), E minor (1#), E major (4#), A minor (0), D minor (1b), A minor (0), A minor (0), E minor (1#), E minor (1#), A minor (0), E minor (1#), B minor (2#), A phrygian (3#), F# mixolydian (6#), B minor (2#), D minor (1b), D minor (1b), A minor (0), A minor (0), E minor (1#), E minor (1#), A minor (0), E minor (1#), E minor (1#), E minor (1#), E minor (1#), A minor (0), D minor (1b), D minor (1b), D major (2#), A minor (0), E minor (1#), F# minor (3#), A minor (0), E minor (1#), B minor (2#), B minor (2#)
G minor mel (2b),  ,  ,  ,  ,  ,  ,  ,  ,  ,  ,  ,  ,  ,  ,  ,  ,  ,  ,  ,  ,  ,  ,  ,  ,  ,  ,  ,  ,  ,  ,  ,  ,  ,  ,  ,  ,  ,  ,  ,  ,  ,  ,  ,  ,  ,  ,  ,  ,  ,  ,  ,  ,  ,  ,  ,  ,  ,  ,  ,  ,  ,  ,  ,  ,  ,  ,  ,  ,  ,  ,  ,  ,  ,  ,  ,  ,  ,  ,  ,  ,  ,  ,  ,  ,  ,  ,  ,  ,  ,  ,  ,  ,  ,  ,  ,  ,  ,  ,  ,  ,  ,  ,  ,  ,  ,  ,  ,  ,  ,  ,  ,  ,  ,  ,  ,  ,  ,  ,  ,  ,  ,  ,  ,  ,  ,  ,  ,  ,  ,  ,  ,  ,  ,  ,  ,  ,  ,  ,  ,  ,  ,  ,  ,  ,  ,  ,  ,  ,  ,  ,  ,  ,  ,  ,  ,  ,  ,  ,  ,  ,  ,  ,  ,  ,  ,  ,  ,  ,  ,  ,  ,  ,  ,  ,  ,  ,  ,  ,  ,  ,  ,  ,  ,  ,  ,  ,  ,  ,  ,  ,  ,  ,  ,  ,  ,  ,  ,  ,  ,  ,  ,  ,  ,  ,  ,  ,  ,  ,  ,  ,  ,  ,  ,  ,  ,  ,  ,  ,  ,  ,  ,  ,  ,  ,  ,  ,  ,  ,  ,  ,  ,  ,  ,  ,  ,  ,  ,  ,  ,  ,  ,  ,  ,  ,  ,  ,  ,  ,  ,  ,  ,  ,  ,  ,  ,  ,  ,  ,  ,  ,  ,  ,  ,  ,  ,  ,  ,  ,  ,  ,  ,  ,  ,  ,  ,  ,  ,  ,  ,  ,  ,  ,  ,  ,  ,  ,  ,  ,  ,  ,  
B minor mel (2#),  ,  ,  ,  ,  ,  ,  ,  ,  ,  ,  ,  ,  ,  ,  ,  ,  ,  ,  ,  ,  ,  ,  ,  ,  ,  ,  ,  ,  ,  ,  ,  ,  ,  ,  ,  ,  ,  ,  ,  ,  ,  ,  ,  ,  ,  ,  ,  ,  ,  ,  ,  ,  ,  ,  ,  ,  ,  ,  ,  ,  ,  ,  ,  ,  ,  ,  ,  ,  ,  ,  ,  ,  ,  ,  ,  ,  ,  ,  ,  ,  ,  ,  ,  ,  ,  ,  ,  ,  ,  ,  ,  ,  ,  ,  ,  ,  ,  ,  ,  ,  ,  ,  ,  ,  ,  ,  ,  ,  ,  ,  ,  ,  ,  ,  ,  ,  ,  ,  ,  ,  ,  ,  ,  ,  ,  ,  ,  ,  ,  ,  ,  ,  ,  ,  ,  ,  ,  ,  ,  ,  ,  ,  ,  ,  ,  ,  ,  ,  ,  ,  ,  ,  ,  ,  ,  ,  ,  ,  ,  ,  ,  ,  ,  ,  ,  ,  ,  ,  ,  ,  ,  ,  ,  ,  ,  ,  ,  ,  ,  ,  ,  ,  ,  ,  ,  ,  ,  ,  ,  ,  ,  ,  ,  ,  ,  ,  ,  ,  ,  ,  ,  ,  ,  ,  ,  ,  ,  ,  ,  ,  ,  ,  ,  ,  ,  ,  ,  ,  ,  ,  ,  ,  ,  ,  ,  ,  ,  ,  ,  ,  ,  ,  ,  ,  ,  ,  ,  ,  ,  ,  ,  ,  ,  ,  ,  ,  ,  ,  ,  ,  ,  ,  ,  ,  ,  ,  ,  ,  ,  ,  ,  ,  ,  ,  ,  ,  ,  ,  ,  ,  ,  ,  ,  ,  ,  ,  ,  ,  ,  ,  ,  ,  ,  ,  ,  ,  ,  ,  ,  ,  
Bb major blues (2b),  ,  ,  ,  ,  ,  ,  ,  ,  ,  ,  ,  ,  ,  ,  ,  ,  ,  ,  ,  ,  ,  ,  ,  ,  ,  ,  ,  ,  ,  ,  ,  ,  ,  ,  ,  ,  ,  ,  ,  ,  ,  ,  ,  ,  ,  ,  ,  ,  ,  ,  ,  ,  ,  ,  ,  ,  ,  ,  ,  ,  ,  ,  ,  ,  ,  ,  ,  ,  ,  ,  ,  ,  ,  ,  ,  ,  ,  ,  ,  ,  ,  ,  ,  ,  ,  ,  ,  ,  ,  ,  ,  ,  ,  ,  ,  ,  ,  ,  ,  ,  ,  ,  ,  ,  ,  ,  ,  ,  ,  ,  ,  ,  ,  ,  ,  ,  ,  ,  ,  ,  ,  ,  ,  ,  ,  ,  ,  ,  ,  ,  ,  ,  ,  ,  ,  ,  ,  ,  ,  ,  ,  ,  ,  ,  ,  ,  ,  ,  ,  ,  ,  ,  ,  ,  ,  ,  ,  ,  ,  ,  ,  ,  ,  ,  ,  ,  ,  ,  ,  ,  ,  ,  ,  ,  ,  ,  ,  ,  ,  ,  ,  ,  ,  ,  ,  ,  ,  ,  ,  ,  ,  ,  ,  ,  ,  ,  ,  ,  ,  ,  ,  ,  ,  ,  ,  ,  ,  ,  ,  ,  ,  ,  ,  ,  ,  ,  ,  ,  ,  ,  ,  ,  ,  ,  ,  ,  ,  ,  ,  ,  ,  ,  ,  ,  ,  ,  ,  ,  ,  ,  ,  ,  ,  ,  ,  ,  ,  ,  ,  ,  ,  ,  ,  ,  ,  ,  ,  ,  ,  ,  ,  ,  ,  ,  ,  ,  ,  ,  ,  ,  ,  ,  ,  ,  ,  ,  ,  ,  ,  ,  ,  ,  ,  ,  ,  ,  ,  ,  ,  ,  
D major blues (2#),  ,  ,  ,  ,  ,  ,  ,  ,  ,  ,  ,  ,  ,  ,  ,  ,  ,  ,  ,  ,  ,  ,  ,  ,  ,  ,  ,  ,  ,  ,  ,  ,  ,  ,  ,  ,  ,  ,  ,  ,  ,  ,  ,  ,  ,  ,  ,  ,  ,  ,  ,  ,  ,  ,  ,  ,  ,  ,  ,  ,  ,  ,  ,  ,  ,  ,  ,  ,  ,  ,  ,  ,  ,  ,  ,  ,  ,  ,  ,  ,  ,  ,  ,  ,  ,  ,  ,  ,  ,  ,  ,  ,  ,  ,  ,  ,  ,  ,  ,  ,  ,  ,  ,  ,  ,  ,  ,  ,  ,  ,  ,  ,  ,  ,  ,  ,  ,  ,  ,  ,  ,  ,  ,  ,  ,  ,  ,  ,  ,  ,  ,  ,  ,  ,  ,  ,  ,  ,  ,  ,  ,  ,  ,  ,  ,  ,  ,  ,  ,  ,  ,  ,  ,  ,  ,  ,  ,  ,  ,  ,  ,  ,  ,  ,  ,  ,  ,  ,  ,  ,  ,  ,  ,  ,  ,  ,  ,  ,  ,  ,  ,  ,  ,  ,  ,  ,  ,  ,  ,  ,  ,  ,  ,  ,  ,  ,  ,  ,  ,  ,  ,  ,  ,  ,  ,  ,  ,  ,  ,  ,  ,  ,  ,  ,  ,  ,  ,  ,  ,  ,  ,  ,  ,  ,  ,  ,  ,  ,  ,  ,  ,  ,  ,  ,  ,  ,  ,  ,  ,  ,  ,  ,  ,  ,  ,  ,  ,  ,  ,  ,  ,  ,  ,  ,  ,  ,  ,  ,  ,  ,  ,  ,  ,  ,  ,  ,  ,  ,  ,  ,  ,  ,  ,  ,  ,  ,  ,  ,  ,  ,  ,  ,  ,  ,  ,  ,  ,  ,  ,  ,  
G minor blues (2b),  ,  ,  ,  ,  ,  ,  ,  ,  ,  ,  ,  ,  ,  ,  ,  ,  ,  ,  ,  ,  ,  ,  ,  ,  ,  ,  ,  ,  ,  ,  ,  ,  ,  ,  ,  ,  ,  ,  ,  ,  ,  ,  ,  ,  ,  ,  ,  ,  ,  ,  ,  ,  ,  ,  ,  ,  ,  ,  ,  ,  ,  ,  ,  ,  ,  ,  ,  ,  ,  ,  ,  ,  ,  ,  ,  ,  ,  ,  ,  ,  ,  ,  ,  ,  ,  ,  ,  ,  ,  ,  ,  ,  ,  ,  ,  ,  ,  ,  ,  ,  ,  ,  ,  ,  ,  ,  ,  ,  ,  ,  ,  ,  ,  ,  ,  ,  ,  ,  ,  ,  ,  ,  ,  ,  ,  ,  ,  ,  ,  ,  ,  ,  ,  ,  ,  ,  ,  ,  ,  ,  ,  ,  ,  ,  ,  ,  ,  ,  ,  ,  ,  ,  ,  ,  ,  ,  ,  ,  ,  ,  ,  ,  ,  ,  ,  ,  ,  ,  ,  ,  ,  ,  ,  ,  ,  ,  ,  ,  ,  ,  ,  ,  ,  ,  ,  ,  ,  ,  ,  ,  ,  ,  ,  ,  ,  ,  ,  ,  ,  ,  ,  ,  ,  ,  ,  ,  ,  ,  ,  ,  ,  ,  ,  ,  ,  ,  ,  ,  ,  ,  ,  ,  ,  ,  ,  ,  ,  ,  ,  ,  ,  ,  ,  ,  ,  ,  ,  ,  ,  ,  ,  ,  ,  ,  ,  ,  ,  ,  ,  ,  ,  ,  ,  ,  ,  ,  ,  ,  ,  ,  ,  ,  ,  ,  ,  ,  ,  ,  ,  ,  ,  ,  ,  ,  ,  ,  ,  ,  ,  ,  ,  ,  ,  ,  ,  ,  ,  ,  ,  ,  
B minor blues (2#),  ,  ,  ,  ,  ,  ,  ,  ,  ,  ,  ,  ,  ,  ,  ,  ,  ,  ,  ,  ,  ,  ,  ,  ,  ,  ,  ,  ,  ,  ,  ,  ,  ,  ,  ,  ,  ,  ,  ,  ,  ,  ,  ,  ,  ,  ,  ,  ,  ,  ,  ,  ,  ,  ,  ,  ,  ,  ,  ,  ,  ,  ,  ,  ,  ,  ,  ,  ,  ,  ,  ,  ,  ,  ,  ,  ,  ,  ,  ,  ,  ,  ,  ,  ,  ,  ,  ,  ,  ,  ,  ,  ,  ,  ,  ,  ,  ,  ,  ,  ,  ,  ,  ,  ,  ,  ,  ,  ,  ,  ,  ,  ,  ,  ,  ,  ,  ,  ,  ,  ,  ,  ,  ,  ,  ,  ,  ,  ,  ,  ,  ,  ,  ,  ,  ,  ,  ,  ,  ,  ,  ,  ,  ,  ,  ,  ,  ,  ,  ,  ,  ,  ,  ,  ,  ,  ,  ,  ,  ,  ,  ,  ,  ,  ,  ,  ,  ,  ,  ,  ,  ,  ,  ,  ,  ,  ,  ,  ,  ,  ,  ,  ,  ,  ,  ,  ,  ,  ,  ,  ,  ,  ,  ,  ,  ,  ,  ,  ,  ,  ,  ,  ,  ,  ,  ,  ,  ,  ,  ,  ,  ,  ,  ,  ,  ,  ,  ,  ,  ,  ,  ,  ,  ,  ,  ,  ,  ,  ,  ,  ,  ,  ,  ,  ,  ,  ,  ,  ,  ,  ,  ,  ,  ,  ,  ,  ,  ,  ,  ,  ,  ,  ,  ,  ,  ,  ,  ,  ,  ,  ,  ,  ,  ,  ,  ,  ,  ,  ,  ,  ,  ,  ,  ,  ,  ,  ,  ,  ,  ,  ,  ,  ,  ,  ,  ,  ,  ,  ,  ,  ,  
Bb dorian (2b),  ,  ,  ,  ,  ,  ,  ,  ,  ,  ,  ,  ,  ,  ,  ,  ,  ,  ,  ,  ,  ,  ,  ,  ,  ,  ,  ,  ,  ,  ,  ,  ,  ,  ,  ,  ,  ,  ,  ,  ,  ,  ,  ,  ,  ,  ,  ,  ,  ,  ,  ,  ,  ,  ,  ,  ,  ,  ,  ,  ,  ,  ,  ,  ,  ,  ,  ,  ,  ,  ,  ,  ,  ,  ,  ,  ,  ,  ,  ,  ,  ,  ,  ,  ,  ,  ,  ,  ,  ,  ,  ,  ,  ,  ,  ,  ,  ,  ,  ,  ,  ,  ,  ,  ,  ,  ,  ,  ,  ,  ,  ,  ,  ,  ,  ,  ,  ,  ,  ,  ,  ,  ,  ,  ,  ,  ,  ,  ,  ,  ,  ,  ,  ,  ,  ,  ,  ,  ,  ,  ,  ,  ,  ,  ,  ,  ,  ,  ,  ,  ,  ,  ,  ,  ,  ,  ,  ,  ,  ,  ,  ,  ,  ,  ,  ,  ,  ,  ,  ,  ,  ,  ,  ,  ,  ,  ,  ,  ,  ,  ,  ,  ,  ,  ,  ,  ,  ,  ,  ,  ,  ,  ,  ,  ,  ,  ,  ,  ,  ,  ,  ,  ,  ,  ,  ,  ,  ,  ,  ,  ,  ,  ,  ,  ,  ,  ,  ,  ,  ,  ,  ,  ,  ,  ,  ,  ,  ,  ,  ,  ,  ,  ,  ,  ,  ,  ,  ,  ,  ,  ,  ,  ,  ,  ,  ,  ,  ,  ,  ,  ,  ,  ,  ,  ,  ,  ,  ,  ,  ,  ,  ,  ,  ,  ,  ,  ,  ,  ,  ,  ,  ,  ,  ,  ,  ,  ,  ,  ,  ,  ,  ,  ,  ,  ,  ,  ,  ,  ,  ,  ,  
D dorian (2#),  ,  ,  ,  ,  ,  ,  ,  ,  ,  ,  ,  ,  ,  ,  ,  ,  ,  ,  ,  ,  ,  ,  ,  ,  ,  ,  ,  ,  ,  ,  ,  ,  ,  ,  ,  ,  ,  ,  ,  ,  ,  ,  ,  ,  ,  ,  ,  ,  ,  ,  ,  ,  ,  ,  ,  ,  ,  ,  ,  ,  ,  ,  ,  ,  ,  ,  ,  ,  ,  ,  ,  ,  ,  ,  ,  ,  ,  ,  ,  ,  ,  ,  ,  ,  ,  ,  ,  ,  ,  ,  ,  ,  ,  ,  ,  ,  ,  ,  ,  ,  ,  ,  ,  ,  ,  ,  ,  ,  ,  ,  ,  ,  ,  ,  ,  ,  ,  ,  ,  ,  ,  ,  ,  ,  ,  ,  ,  ,  ,  ,  ,  ,  ,  ,  ,  ,  ,  ,  ,  ,  ,  ,  ,  ,  ,  ,  ,  ,  ,  ,  ,  ,  ,  ,  ,  ,  ,  ,  ,  ,  ,  ,  ,  ,  ,  ,  ,  ,  ,  ,  ,  ,  ,  ,  ,  ,  ,  ,  ,  ,  ,  ,  ,  ,  ,  ,  ,  ,  ,  ,  ,  ,  ,  ,  ,  ,  ,  ,  ,  ,  ,  ,  ,  ,  ,  ,  ,  ,  ,  ,  ,  ,  ,  ,  ,  ,  ,  ,  ,  ,  ,  ,  ,  ,  ,  ,  ,  ,  ,  ,  ,  ,  ,  ,  ,  ,  ,  ,  ,  ,  ,  ,  ,  ,  ,  ,  ,  ,  ,  ,  ,  ,  ,  ,  ,  ,  ,  ,  ,  ,  ,  ,  ,  ,  ,  ,  ,  ,  ,  ,  ,  ,  ,  ,  ,  ,  ,  ,  ,  ,  ,  ,  ,  ,  ,  ,  ,  ,  ,  ,  
Bb phrygian (2b),  ,  ,  ,  ,  ,  ,  ,  ,  ,  ,  ,  ,  ,  ,  ,  ,  ,  ,  ,  ,  ,  ,  ,  ,  ,  ,  ,  ,  ,  ,  ,  ,  ,  ,  ,  ,  ,  ,  ,  ,  ,  ,  ,  ,  ,  ,  ,  ,  ,  ,  ,  ,  ,  ,  ,  ,  ,  ,  ,  ,  ,  ,  ,  ,  ,  ,  ,  ,  ,  ,  ,  ,  ,  ,  ,  ,  ,  ,  ,  ,  ,  ,  ,  ,  ,  ,  ,  ,  ,  ,  ,  ,  ,  ,  ,  ,  ,  ,  ,  ,  ,  ,  ,  ,  ,  ,  ,  ,  ,  ,  ,  ,  ,  ,  ,  ,  ,  ,  ,  ,  ,  ,  ,  ,  ,  ,  ,  ,  ,  ,  ,  ,  ,  ,  ,  ,  ,  ,  ,  ,  ,  ,  ,  ,  ,  ,  ,  ,  ,  ,  ,  ,  ,  ,  ,  ,  ,  ,  ,  ,  ,  ,  ,  ,  ,  ,  ,  ,  ,  ,  ,  ,  ,  ,  ,  ,  ,  ,  ,  ,  ,  ,  ,  ,  ,  ,  ,  ,  ,  ,  ,  ,  ,  ,  ,  ,  ,  ,  ,  ,  ,  ,  ,  ,  ,  ,  ,  ,  ,  ,  ,  ,  ,  ,  ,  ,  ,  ,  ,  ,  ,  ,  ,  ,  ,  ,  ,  ,  ,  ,  ,  ,  ,  ,  ,  ,  ,  ,  ,  ,  ,  ,  ,  ,  ,  ,  ,  ,  ,  ,  ,  ,  ,  ,  ,  ,  ,  ,  ,  ,  ,  ,  ,  ,  ,  ,  ,  ,  ,  ,  ,  ,  ,  ,  ,  ,  ,  ,  ,  ,  ,  ,  ,  ,  ,  ,  ,  ,  ,  ,  
D phrygian (2#),  ,  ,  ,  ,  ,  ,  ,  ,  ,  ,  ,  ,  ,  ,  ,  ,  ,  ,  ,  ,  ,  ,  ,  ,  ,  ,  ,  ,  ,  ,  ,  ,  ,  ,  ,  ,  ,  ,  ,  ,  ,  ,  ,  ,  ,  ,  ,  ,  ,  ,  ,  ,  ,  ,  ,  ,  ,  ,  ,  ,  ,  ,  ,  ,  ,  ,  ,  ,  ,  ,  ,  ,  ,  ,  ,  ,  ,  ,  ,  ,  ,  ,  ,  ,  ,  ,  ,  ,  ,  ,  ,  ,  ,  ,  ,  ,  ,  ,  ,  ,  ,  ,  ,  ,  ,  ,  ,  ,  ,  ,  ,  ,  ,  ,  ,  ,  ,  ,  ,  ,  ,  ,  ,  ,  ,  ,  ,  ,  ,  ,  ,  ,  ,  ,  ,  ,  ,  ,  ,  ,  ,  ,  ,  ,  ,  ,  ,  ,  ,  ,  ,  ,  ,  ,  ,  ,  ,  ,  ,  ,  ,  ,  ,  ,  ,  ,  ,  ,  ,  ,  ,  ,  ,  ,  ,  ,  ,  ,  ,  ,  ,  ,  ,  ,  ,  ,  ,  ,  ,  ,  ,  ,  ,  ,  ,  ,  ,  ,  ,  ,  ,  ,  ,  ,  ,  ,  ,  ,  ,  ,  ,  ,  ,  ,  ,  ,  ,  ,  ,  ,  ,  ,  ,  ,  ,  ,  ,  ,  ,  ,  ,  ,  ,  ,  ,  ,  ,  ,  ,  ,  ,  ,  ,  ,  ,  ,  ,  ,  ,  ,  ,  ,  ,  ,  ,  ,  ,  ,  ,  ,  ,  ,  ,  ,  ,  ,  ,  ,  ,  ,  ,  ,  ,  ,  ,  ,  ,  ,  ,  ,  ,  ,  ,  ,  ,  ,  ,  ,  ,  ,  
Bb lydian (2b),  ,  ,  ,  ,  ,  ,  ,  ,  ,  ,  ,  ,  ,  ,  ,  ,  ,  ,  ,  ,  ,  ,  ,  ,  ,  ,  ,  ,  ,  ,  ,  ,  ,  ,  ,  ,  ,  ,  ,  ,  ,  ,  ,  ,  ,  ,  ,  ,  ,  ,  ,  ,  ,  ,  ,  ,  ,  ,  ,  ,  ,  ,  ,  ,  ,  ,  ,  ,  ,  ,  ,  ,  ,  ,  ,  ,  ,  ,  ,  ,  ,  ,  ,  ,  ,  ,  ,  ,  ,  ,  ,  ,  ,  ,  ,  ,  ,  ,  ,  ,  ,  ,  ,  ,  ,  ,  ,  ,  ,  ,  ,  ,  ,  ,  ,  ,  ,  ,  ,  ,  ,  ,  ,  ,  ,  ,  ,  ,  ,  ,  ,  ,  ,  ,  ,  ,  ,  ,  ,  ,  ,  ,  ,  ,  ,  ,  ,  ,  ,  ,  ,  ,  ,  ,  ,  ,  ,  ,  ,  ,  ,  ,  ,  ,  ,  ,  ,  ,  ,  ,  ,  ,  ,  ,  ,  ,  ,  ,  ,  ,  ,  ,  ,  ,  ,  ,  ,  ,  ,  ,  ,  ,  ,  ,  ,  ,  ,  ,  ,  ,  ,  ,  ,  ,  ,  ,  ,  ,  ,  ,  ,  ,  ,  ,  ,  ,  ,  ,  ,  ,  ,  ,  ,  ,  ,  ,  ,  ,  ,  ,  ,  ,  ,  ,  ,  ,  ,  ,  ,  ,  ,  ,  ,  ,  ,  ,  ,  ,  ,  ,  ,  ,  ,  ,  ,  ,  ,  ,  ,  ,  ,  ,  ,  ,  ,  ,  ,  ,  ,  ,  ,  ,  ,  ,  ,  ,  ,  ,  ,  ,  ,  ,  ,  ,  ,  ,  ,  ,  ,  ,  
D lydian (2#),  ,  ,  ,  ,  ,  ,  ,  ,  ,  ,  ,  ,  ,  ,  ,  ,  ,  ,  ,  ,  ,  ,  ,  ,  ,  ,  ,  ,  ,  ,  ,  ,  ,  ,  ,  ,  ,  ,  ,  ,  ,  ,  ,  ,  ,  ,  ,  ,  ,  ,  ,  ,  ,  ,  ,  ,  ,  ,  ,  ,  ,  ,  ,  ,  ,  ,  ,  ,  ,  ,  ,  ,  ,  ,  ,  ,  ,  ,  ,  ,  ,  ,  ,  ,  ,  ,  ,  ,  ,  ,  ,  ,  ,  ,  ,  ,  ,  ,  ,  ,  ,  ,  ,  ,  ,  ,  ,  ,  ,  ,  ,  ,  ,  ,  ,  ,  ,  ,  ,  ,  ,  ,  ,  ,  ,  ,  ,  ,  ,  ,  ,  ,  ,  ,  ,  ,  ,  ,  ,  ,  ,  ,  ,  ,  ,  ,  ,  ,  ,  ,  ,  ,  ,  ,  ,  ,  ,  ,  ,  ,  ,  ,  ,  ,  ,  ,  ,  ,  ,  ,  ,  ,  ,  ,  ,  ,  ,  ,  ,  ,  ,  ,  ,  ,  ,  ,  ,  ,  ,  ,  ,  ,  ,  ,  ,  ,  ,  ,  ,  ,  ,  ,  ,  ,  ,  ,  ,  ,  ,  ,  ,  ,  ,  ,  ,  ,  ,  ,  ,  ,  ,  ,  ,  ,  ,  ,  ,  ,  ,  ,  ,  ,  ,  ,  ,  ,  ,  ,  ,  ,  ,  ,  ,  ,  ,  ,  ,  ,  ,  ,  ,  ,  ,  ,  ,  ,  ,  ,  ,  ,  ,  ,  ,  ,  ,  ,  ,  ,  ,  ,  ,  ,  ,  ,  ,  ,  ,  ,  ,  ,  ,  ,  ,  ,  ,  ,  ,  ,  ,  ,  
Bb mixolydian (2b),  ,  ,  ,  ,  ,  ,  ,  ,  ,  ,  ,  ,  ,  ,  ,  ,  ,  ,  ,  ,  ,  ,  ,  ,  ,  ,  ,  ,  ,  ,  ,  ,  ,  ,  ,  ,  ,  ,  ,  ,  ,  ,  ,  ,  ,  ,  ,  ,  ,  ,  ,  ,  ,  ,  ,  ,  ,  ,  ,  ,  ,  ,  ,  ,  ,  ,  ,  ,  ,  ,  ,  ,  ,  ,  ,  ,  ,  ,  ,  ,  ,  ,  ,  ,  ,  ,  ,  ,  ,  ,  ,  ,  ,  ,  ,  ,  ,  ,  ,  ,  ,  ,  ,  ,  ,  ,  ,  ,  ,  ,  ,  ,  ,  ,  ,  ,  ,  ,  ,  ,  ,  ,  ,  ,  ,  ,  ,  ,  ,  ,  ,  ,  ,  ,  ,  ,  ,  ,  ,  ,  ,  ,  ,  ,  ,  ,  ,  ,  ,  ,  ,  ,  ,  ,  ,  ,  ,  ,  ,  ,  ,  ,  ,  ,  ,  ,  ,  ,  ,  ,  ,  ,  ,  ,  ,  ,  ,  ,  ,  ,  ,  ,  ,  ,  ,  ,  ,  ,  ,  ,  ,  ,  ,  ,  ,  ,  ,  ,  ,  ,  ,  ,  ,  ,  ,  ,  ,  ,  ,  ,  ,  ,  ,  ,  ,  ,  ,  ,  ,  ,  ,  ,  ,  ,  ,  ,  ,  ,  ,  ,  ,  ,  ,  ,  ,  ,  ,  ,  ,  ,  ,  ,  ,  ,  ,  ,  ,  ,  ,  ,  ,  ,  ,  ,  ,  ,  ,  ,  ,  ,  ,  ,  ,  ,  ,  ,  ,  ,  ,  ,  ,  ,  ,  ,  ,  ,  ,  ,  ,  ,  ,  ,  ,  ,  ,  ,  ,  ,  ,  ,  
D mixolydian (2#),  ,  ,  ,  ,  ,  ,  ,  ,  ,  ,  ,  ,  ,  ,  ,  ,  ,  ,  ,  ,  ,  ,  ,  ,  ,  ,  ,  ,  ,  ,  ,  ,  ,  ,  ,  ,  ,  ,  ,  ,  ,  ,  ,  ,  ,  ,  ,  ,  ,  ,  ,  ,  ,  ,  ,  ,  ,  ,  ,  ,  ,  ,  ,  ,  ,  ,  ,  ,  ,  ,  ,  ,  ,  ,  ,  ,  ,  ,  ,  ,  ,  ,  ,  ,  ,  ,  ,  ,  ,  ,  ,  ,  ,  ,  ,  ,  ,  ,  ,  ,  ,  ,  ,  ,  ,  ,  ,  ,  ,  ,  ,  ,  ,  ,  ,  ,  ,  ,  ,  ,  ,  ,  ,  ,  ,  ,  ,  ,  ,  ,  ,  ,  ,  ,  ,  ,  ,  ,  ,  ,  ,  ,  ,  ,  ,  ,  ,  ,  ,  ,  ,  ,  ,  ,  ,  ,  ,  ,  ,  ,  ,  ,  ,  ,  ,  ,  ,  ,  ,  ,  ,  ,  ,  ,  ,  ,  ,  ,  ,  ,  ,  ,  ,  ,  ,  ,  ,  ,  ,  ,  ,  ,  ,  ,  ,  ,  ,  ,  ,  ,  ,  ,  ,  ,  ,  ,  ,  ,  ,  ,  ,  ,  ,  ,  ,  ,  ,  ,  ,  ,  ,  ,  ,  ,  ,  ,  ,  ,  ,  ,  ,  ,  ,  ,  ,  ,  ,  ,  ,  ,  ,  ,  ,  ,  ,  ,  ,  ,  ,  ,  ,  ,  ,  ,  ,  ,  ,  ,  ,  ,  ,  ,  ,  ,  ,  ,  ,  ,  ,  ,  ,  ,  ,  ,  ,  ,  ,  ,  ,  ,  ,  ,  ,  ,  ,  ,  ,  ,  ,  ,  
Bb aeolian (2b),  ,  ,  ,  ,  ,  ,  ,  ,  ,  ,  ,  ,  ,  ,  ,  ,  ,  ,  ,  ,  ,  ,  ,  ,  ,  ,  ,  ,  ,  ,  ,  ,  ,  ,  ,  ,  ,  ,  ,  ,  ,  ,  ,  ,  ,  ,  ,  ,  ,  ,  ,  ,  ,  ,  ,  ,  ,  ,  ,  ,  ,  ,  ,  ,  ,  ,  ,  ,  ,  ,  ,  ,  ,  ,  ,  ,  ,  ,  ,  ,  ,  ,  ,  ,  ,  ,  ,  ,  ,  ,  ,  ,  ,  ,  ,  ,  ,  ,  ,  ,  ,  ,  ,  ,  ,  ,  ,  ,  ,  ,  ,  ,  ,  ,  ,  ,  ,  ,  ,  ,  ,  ,  ,  ,  ,  ,  ,  ,  ,  ,  ,  ,  ,  ,  ,  ,  ,  ,  ,  ,  ,  ,  ,  ,  ,  ,  ,  ,  ,  ,  ,  ,  ,  ,  ,  ,  ,  ,  ,  ,  ,  ,  ,  ,  ,  ,  ,  ,  ,  ,  ,  ,  ,  ,  ,  ,  ,  ,  ,  ,  ,  ,  ,  ,  ,  ,  ,  ,  ,  ,  ,  ,  ,  ,  ,  ,  ,  ,  ,  ,  ,  ,  ,  ,  ,  ,  ,  ,  ,  ,  ,  ,  ,  ,  ,  ,  ,  ,  ,  ,  ,  ,  ,  ,  ,  ,  ,  ,  ,  ,  ,  ,  ,  ,  ,  ,  ,  ,  ,  ,  ,  ,  ,  ,  ,  ,  ,  ,  ,  ,  ,  ,  ,  ,  ,  ,  ,  ,  ,  ,  ,  ,  ,  ,  ,  ,  ,  ,  ,  ,  ,  ,  ,  ,  ,  ,  ,  ,  ,  ,  ,  ,  ,  ,  ,  ,  ,  ,  ,  ,  
D aeolian (2#),  ,  ,  ,  ,  ,  ,  ,  ,  ,  ,  ,  ,  ,  ,  ,  ,  ,  ,  ,  ,  ,  ,  ,  ,  ,  ,  ,  ,  ,  ,  ,  ,  ,  ,  ,  ,  ,  ,  ,  ,  ,  ,  ,  ,  ,  ,  ,  ,  ,  ,  ,  ,  ,  ,  ,  ,  ,  ,  ,  ,  ,  ,  ,  ,  ,  ,  ,  ,  ,  ,  ,  ,  ,  ,  ,  ,  ,  ,  ,  ,  ,  ,  ,  ,  ,  ,  ,  ,  ,  ,  ,  ,  ,  ,  ,  ,  ,  ,  ,  ,  ,  ,  ,  ,  ,  ,  ,  ,  ,  ,  ,  ,  ,  ,  ,  ,  ,  ,  ,  ,  ,  ,  ,  ,  ,  ,  ,  ,  ,  ,  ,  ,  ,  ,  ,  ,  ,  ,  ,  ,  ,  ,  ,  ,  ,  ,  ,  ,  ,  ,  ,  ,  ,  ,  ,  ,  ,  ,  ,  ,  ,  ,  ,  ,  ,  ,  ,  ,  ,  ,  ,  ,  ,  ,  ,  ,  ,  ,  ,  ,  ,  ,  ,  ,  ,  ,  ,  ,  ,  ,  ,  ,  ,  ,  ,  ,  ,  ,  ,  ,  ,  ,  ,  ,  ,  ,  ,  ,  ,  ,  ,  ,  ,  ,  ,  ,  ,  ,  ,  ,  ,  ,  ,  ,  ,  ,  ,  ,  ,  ,  ,  ,  ,  ,  ,  ,  ,  ,  ,  ,  ,  ,  ,  ,  ,  ,  ,  ,  ,  ,  ,  ,  ,  ,  ,  ,  ,  ,  ,  ,  ,  ,  ,  ,  ,  ,  ,  ,  ,  ,  ,  ,  ,  ,  ,  ,  ,  ,  ,  ,  ,  ,  ,  ,  ,  ,  ,  ,  ,  ,  
Bb locrian (2b),  ,  ,  ,  ,  ,  ,  ,  ,  ,  ,  ,  ,  ,  ,  ,  ,  ,  ,  ,  ,  ,  ,  ,  ,  ,  ,  ,  ,  ,  ,  ,  ,  ,  ,  ,  ,  ,  ,  ,  ,  ,  ,  ,  ,  ,  ,  ,  ,  ,  ,  ,  ,  ,  ,  ,  ,  ,  ,  ,  ,  ,  ,  ,  ,  ,  ,  ,  ,  ,  ,  ,  ,  ,  ,  ,  ,  ,  ,  ,  ,  ,  ,  ,  ,  ,  ,  ,  ,  ,  ,  ,  ,  ,  ,  ,  ,  ,  ,  ,  ,  ,  ,  ,  ,  ,  ,  ,  ,  ,  ,  ,  ,  ,  ,  ,  ,  ,  ,  ,  ,  ,  ,  ,  ,  ,  ,  ,  ,  ,  ,  ,  ,  ,  ,  ,  ,  ,  ,  ,  ,  ,  ,  ,  ,  ,  ,  ,  ,  ,  ,  ,  ,  ,  ,  ,  ,  ,  ,  ,  ,  ,  ,  ,  ,  ,  ,  ,  ,  ,  ,  ,  ,  ,  ,  ,  ,  ,  ,  ,  ,  ,  ,  ,  ,  ,  ,  ,  ,  ,  ,  ,  ,  ,  ,  ,  ,  ,  ,  ,  ,  ,  ,  ,  ,  ,  ,  ,  ,  ,  ,  ,  ,  ,  ,  ,  ,  ,  ,  ,  ,  ,  ,  ,  ,  ,  ,  ,  ,  ,  ,  ,  ,  ,  ,  ,  ,  ,  ,  ,  ,  ,  ,  ,  ,  ,  ,  ,  ,  ,  ,  ,  ,  ,  ,  ,  ,  ,  ,  ,  ,  ,  ,  ,  ,  ,  ,  ,  ,  ,  ,  ,  ,  ,  ,  ,  ,  ,  ,  ,  ,  ,  ,  ,  ,  ,  ,  ,  ,  ,  ,  
D locrian (2#),  ,  ,  ,  ,  ,  ,  ,  ,  ,  ,  ,  ,  ,  ,  ,  ,  ,  ,  ,  ,  ,  ,  ,  ,  ,  ,  ,  ,  ,  ,  ,  ,  ,  ,  ,  ,  ,  ,  ,  ,  ,  ,  ,  ,  ,  ,  ,  ,  ,  ,  ,  ,  ,  ,  ,  ,  ,  ,  ,  ,  ,  ,  ,  ,  ,  ,  ,  ,  ,  ,  ,  ,  ,  ,  ,  ,  ,  ,  ,  ,  ,  ,  ,  ,  ,  ,  ,  ,  ,  ,  ,  ,  ,  ,  ,  ,  ,  ,  ,  ,  ,  ,  ,  ,  ,  ,  ,  ,  ,  ,  ,  ,  ,  ,  ,  ,  ,  ,  ,  ,  ,  ,  ,  ,  ,  ,  ,  ,  ,  ,  ,  ,  ,  ,  ,  ,  ,  ,  ,  ,  ,  ,  ,  ,  ,  ,  ,  ,  ,  ,  ,  ,  ,  ,  ,  ,  ,  ,  ,  ,  ,  ,  ,  ,  ,  ,  ,  ,  ,  ,  ,  ,  ,  ,  ,  ,  ,  ,  ,  ,  ,  ,  ,  ,  ,  ,  ,  ,  ,  ,  ,  ,  ,  ,  ,  ,  ,  ,  ,  ,  ,  ,  ,  ,  ,  ,  ,  ,  ,  ,  ,  ,  ,  ,  ,  ,  ,  ,  ,  ,  ,  ,  ,  ,  ,  ,  ,  ,  ,  ,  ,  ,  ,  ,  ,  ,  ,  ,  ,  ,  ,  ,  ,  ,  ,  ,  ,  ,  ,  ,  ,  ,  ,  ,  ,  ,  ,  ,  ,  ,  ,  ,  ,  ,  ,  ,  ,  ,  ,  ,  ,  ,  ,  ,  ,  ,  ,  ,  ,  ,  ,  ,  ,  ,  ,  ,  ,  ,  ,  ,  
Eb major (3b), C minor (3b), C major (0), Bb major (2b), Bb major (2b), Bb major (2b), F major (1b), F major (1b), C major (0), F major (1b), F major (1b), C major (0), C major (0), C minor (3b), C major (0), Bb major (2b), Bb major (2b), Bb major (2b), F major (1b), F major (1b), C major (0), F major (1b), F major (1b), C major (0), C major (0), C major (0), C major (0), C major (0), F major (1b), F minor (4b), F major (1b), G major (1#), C major (0), C minor (3b), C major (0), C major (0), C major (0), C major (0), C major (0), C major (0), F major (1b), F minor (4b), F major (1b), F major (1b), C major (0), C major (0), C major (0), C major (0), C major (0), C minor (3b), C major (0), C major (0), C minor (3b), C major (0), F major (1b), F major (1b), C major (0), C minor (3b), C major (0), G major (1#), C major (0), C minor (3b), C major (0), F major (1b), Ab minor (7b), Eb major (3b), F major (1b), F major (1b), C major (0), C major (0), C major (0), C major (0), C major (0), C minor (3b), C major (0), G major (1#), C major (0), G mixolydian (1#), F major (1b), F major (1b), C major (0), C major (0), C major (0), C major (0), C major (0), C major (0), C major (0), A major (3#), C major (0), C minor (3b), F major (1b), F major (1b), C major (0), C major (0), C major (0), C major (0), C major (0), C major (0), C major (0), C major (0), F major (1b), Bb major (2b), F major (1b), F major (1b), C major (0), C major (0), C major (0), Bb major (2b), C major (0), C minor (3b), C major (0), F major (1b), C major (0), C major (0), F major (1b), F major (1b), C major (0), C major (0), C major (0), C major (0), C major (0), C major (0), C major (0), C major (0), F major (1b), Bb major (2b), F major (1b), F major (1b), C major (0), C major (0), F major (1b), Bb major (2b), C major (0), C major (0), C major (0), G mixolydian (1#), F major (1b), Bb major (2b), F major (1b), F major (1b), C major (0), F major (1b), C major (0), C major (0), C major (0), C major (0), C major (0), C major (0), C major (0), C major (0), F major (1b), Bb major (2b), C major (0), C major (0), C major (0), C major (0), C major (0), G major (1#), C major (0), G major (1#), C major (0), C major (0), F major (1b), C major (0), C major (0), Bb major (2b), F mixolydian (1b), G mixolydian (1#), C major (0), C minor (3b), C major (0), C major (0), F major (1b), F minor (4b), F major (1b), F major (1b), C major (0), C major (0), F major (1b), Bb major (2b), Bb major (2b), C major (0), C major (0), C major (0), F major (1b), Bb major (2b), F major (1b), F minor (4b), C major (0), C minor (3b), C major (0), C major (0), C major (0), C major (0), C major (0), F major (1b), C major (0), C major (0), F major (1b), F major (1b), C major (0), C major (0), F major (1b), Bb major (2b), C major (0), F major (1b), C major (0), Bb major (2b), F mixolydian (1b), Eb major (3b), F major (1b), Bb major (2b), C major (0), G major (1#), C major (0), C major (0), C major (0), G major (1#), C major (0), C major (0), Eb minor (6b), Bb minor (5b), F major (1b), F major (1b), C major (0), G major (1#), C major (0), F major (1b), C major (0), C minor (3b), C major (0), Ab dorian (4b), Bb mixolydian (2b), Bb mixolydian (2b), F mixolydian (1b), Bb major (2b), C major (0), C major (0), C major (0), C major (0), C major (0), C major (0), C major (0), C major (0), G mixolydian (1#), Bb mixolydian (2b), F mixolydian (1b), Bb major (2b), C major (0), F major (1b), C major (0), Bb major (2b), C major (0), C major (0), C major (0), F major (1b), Bb major (2b), Bb major (2b), F major (1b), F major (1b), C major (0), C major (0), C major (0), C major (0), Bb major (2b), C major (0), C major (0), Eb minor (6b), Eb minor (6b), C major (0), F major (1b), F major (1b), C major (0), C major (0), C major (0), C major (0), C major (0), C major (0), C major (0), C major (0), C major (0), C major (0), F major (1b), F major (1b), C major (0), C major (0), C major (0), C major (0), C major (0), C major (0), G mixolydian (1#), Bb mixolydian (2b)
A major (3#), A major (3#), A minor (0), A minor (0), A minor (0), A minor (0), F dorian (1b), D lydian (2#), A minor (0), D minor (1b), D minor (1b), E minor (1#), A minor (0), A minor (0), A minor (0), A minor (0), A minor (0), A minor (0), F dorian (1b), D lydian (2#), A minor (0), D minor (1b), D minor (1b), A major (3#), A minor (0), A minor (0), A minor (0), A minor (0), D minor (1b), A minor (0), A minor (0), E mixolydian (4#), A minor (0), E mixolydian (4#), A minor (0), E minor (1#), A minor (0), A minor (0), A minor (0), E minor (1#), E major (4#), F# major (6#), A minor (0), A minor (0), A minor (0), A minor (0), A minor (0), E minor (1#), A minor (0), A minor (0), A minor (0), A minor (0), A minor (0), A minor (0), D minor (1b), A minor (0), A minor (0), A minor (0), E minor (1#), E minor (1#), A minor (0), E minor (1#), A minor (0), A minor (0), A major (3#), A minor (0), D minor (1b), D minor (1b), A minor (0), A minor (0), A minor (0), E minor (1#), A minor (0), A minor (0), A minor (0), D major (2#), G lydian (1#), A major (3#), D minor (1b), D minor (1b), A minor (0), A minor (0), A minor (0), E minor (1#), A minor (0), A minor (0), A minor (0), A major (3#), A minor (0), A major (3#), D minor (1b), D minor (1b), A minor (0), A minor (0), A minor (0), E minor (1#), A minor (0), A minor (0), A minor (0), A minor (0), A minor (0), D minor (1b), D minor (1b), A minor (0), A minor (0), A minor (0), A minor (0), E minor (1#), A minor (0), A minor (0), A minor (0), F dorian (1b), D lydian (2#), A minor (0), D minor (1b), A minor (0), A minor (0), A minor (0), A minor (0), E minor (1#), A minor (0), A minor (0), A minor (0), A minor (0), A minor (0), A minor (0), D minor (1b), D minor (1b), A minor (0), A minor (0), E minor (1#), E minor (1#), A minor (0), D lydian (2#), A minor (0), D major (2#), D minor (1b), A minor (0), D minor (1b), D minor (1b), A minor (0), D minor (1b), A minor (0), E minor (1#), A minor (0), A minor (0), A minor (0), A minor (0), A minor (0), A minor (0), D minor (1b), A minor (0), A minor (0), A minor (0), A minor (0), E minor (1#), A minor (0), E minor (1#), A minor (0), E minor (1#), E minor (1#), A minor (0), D minor (1b), E minor (1#), A minor (0), A minor (0), A minor (0), A major (3#), A minor (0), A minor (0), A minor (0), A minor (0), E minor (1#), B major (5#), D minor (1b), D minor (1b), A minor (0), A major (3#), D minor (1b), A major (3#), A minor (0), E minor (1#), A minor (0), A minor (0), A minor (0), E major (4#), D minor (1b), F minor (4b), C major (0), A minor (0), E minor (1#), E minor (1#), A minor (0), A minor (0), A minor (0), F dorian (1b), D lydian (2#), A minor (0), D minor (1b), A minor (0), A minor (0), A minor (0), A minor (0), E minor (1#), A minor (0), D minor (1b), A minor (0), A minor (0), E major (4#), A major (3#), D minor (1b), D minor (1b), A minor (0), E minor (1#), A minor (0), E minor (1#), A minor (0), D lydian (2#), A minor (0), A minor (0), F# major (6#), F# major (6#), A minor (0), A minor (0), A minor (0), D lydian (2#), A minor (0), A major (3#), A minor (0), A minor (0), A minor (0), C minor (3b), A minor (0), A minor (0), D minor (1b), A minor (0), A minor (0), A minor (0), A minor (0), E minor (1#), A minor (0), A minor (0), A minor (0), G phrygian (1#), G phrygian (1#), E mixolydian (4#), A minor (0), E mixolydian (4#), A minor (0), A major (3#), A minor (0), A major (3#), A minor (0), A minor (0), A minor (0), A minor (0), A minor (0), E mixolydian (4#), A minor (0), D minor (1b), A minor (0), A minor (0), E minor (1#), E minor (1#), A minor (0), E minor (1#), A minor (0), A major (3#), F# major (6#), A major (3#), D minor (1b), D minor (1b), A minor (0), A minor (0), A minor (0), E minor (1#), A minor (0), E minor (1#), A minor (0), A minor (0), A minor (0), A minor (0), F dorian (1b), F dorian (1b), D lydian (2#), A minor (0), G phrygian (1#), A major (3#), A minor (0), A minor (0), D major (2#), D major (2#)
C minor (3b), C minor (3b), C major (0), C major (0), C major (0), C major (0), F major (1b), C major (0), C major (0), F lydian (1b), F lydian (1b), G major (1#), C major (0), C major (0), C major (0), C major (0), C major (0), C major (0), F major (1b), C major (0), C major (0), F lydian (1b), F lydian (1b), G major (1#), C major (0), C major (0), C major (0), C major (0), F lydian (1b), Ab dorian (4b), F lydian (1b), G major (1#), C major (0), C minor (3b), C major (0), G major (1#), C major (0), C major (0), C major (0), G mixolydian (1#), F major (1b), F minor (4b), F major (1b), C major (0), C major (0), C major (0), C major (0), G major (1#), C major (0), C major (0), C major (0), C major (0), C major (0), C major (0), F major (1b), C major (0), C major (0), C major (0), G major (1#), G major (1#), C major (0), G major (1#), C major (0), C major (0), D mixolydian (2#), C major (0), F lydian (1b), C minor (3b), C major (0), C major (0), C major (0), G major (1#), C major (0), C major (0), C major (0), G major (1#), G major (1#), A major (3#), D minor (1b), F major (1b), C major (0), C major (0), C major (0), G major (1#), C major (0), C major (0), C major (0), A major (3#), C major (0), C minor (3b), F major (1b), F major (1b), C major (0), C major (0), C major (0), G major (1#), C major (0), C major (0), C major (0), C major (0), C major (0), F major (1b), F major (1b), C major (0), C major (0), C major (0), C major (0), Bb phrygian (2b), C major (0), C major (0), C major (0), F major (1b), C major (0), C major (0), F major (1b), C major (0), C major (0), C major (0), C major (0), G major (1#), C major (0), C major (0), C major (0), C major (0), C major (0), C major (0), F major (1b), F major (1b), C major (0), C major (0), G major (1#), G major (1#), C major (0), C major (0), C major (0), G mixolydian (1#), F major (1b), C major (0), F major (1b), F major (1b), C major (0), F major (1b), C major (0), G major (1#), C major (0), C major (0), C major (0), C major (0), C major (0), C major (0), F major (1b), Bb major (2b), C major (0), C major (0), C major (0), G major (1#), C major (0), G major (1#), C major (0), G major (1#), G major (1#), C major (0), F lydian (1b), G major (1#), C major (0), Bb phrygian (2b), C major (0), G major (1#), C major (0), C major (0), C major (0), C major (0), F major (1b), F minor (4b), F major (1b), F major (1b), C major (0), A major (3#), D minor (1b), G major (1#), G minor (2b), G major (1#), C major (0), C major (0), C major (0), Bb phrygian (2b), F locrian (1b), Ab dorian (4b), C major (0), C major (0), G major (1#), G major (1#), C major (0), C major (0), C major (0), F major (1b), D major (2#), C major (0), F major (1b), C major (0), C major (0), C major (0), C major (0), Bb phrygian (2b), C major (0), F major (1b), C major (0), Bb phrygian (2b), C major (0), C minor (3b), F phrygian (1b), Bb phrygian (2b), C major (0), G major (1#), C major (0), G major (1#), C major (0), G major (1#), C major (0), C major (0), Eb minor (6b), Bb minor (5b), F major (1b), F major (1b), C major (0), G major (1#), C major (0), G major (1#), C major (0), C major (0), C major (0), F minor (4b), C minor (3b), C minor (3b), F phrygian (1b), Bb phrygian (2b), C major (0), C major (0), C major (0), G major (1#), C major (0), C major (0), C major (0), G major (1#), G major (1#), G minor (2b), F phrygian (1b), Bb phrygian (2b), C major (0), F major (1b), C major (0), Bb phrygian (2b), C major (0), C major (0), C major (0), C major (0), C minor (3b), G minor (2b), F phrygian (1b), Bb phrygian (2b), C major (0), C major (0), G major (1#), G major (1#), G minor (2b), G major (1#), C major (0), Eb minor (6b), Eb minor (6b), C major (0), F major (1b), F major (1b), C major (0), C major (0), C major (0), G major (1#), C major (0), G major (1#), C major (0), C major (0), C major (0), C major (0), F lydian (1b), C minor (3b), C major (0), C major (0), G major (1#), G major (1#), C major (0), C major (0), G major (1#), C major (0)
F# minor (3#), A major (3#), A minor (0), B minor (2#), B minor (2#), B minor (2#), A minor (0), B minor (2#), A minor (0), D minor (1b), A minor (0), E minor (1#), A minor (0), A major (3#), A minor (0), B minor (2#), B minor (2#), B minor (2#), A minor (0), B minor (2#), A minor (0), D minor (1b), A minor (0), A major (3#), A minor (0), A minor (0), A minor (0), A minor (0), A minor (0), A minor (0), A minor (0), A major (3#), A minor (0), E mixolydian (4#), A minor (0), E minor (1#), A minor (0), A minor (0), A minor (0), E minor (1#), E major (4#), F# major (6#), A minor (0), A minor (0), A minor (0), A minor (0), A minor (0), E minor (1#), A minor (0), A minor (0), A minor (0), A minor (0), A minor (0), A major (3#), A minor (0), A minor (0), A minor (0), A minor (0), E minor (1#), E minor (1#), A minor (0), E minor (1#), A minor (0), A minor (0), A major (3#), A minor (0), A minor (0), D minor (1b), A minor (0), A minor (0), A minor (0), E minor (1#), A minor (0), A minor (0), A minor (0), B minor (2#), E minor (1#), A major (3#), A minor (0), D minor (1b), A minor (0), A minor (0), A minor (0), E minor (1#), A minor (0), A minor (0), A minor (0), A major (3#), A minor (0), A major (3#), A minor (0), A minor (0), A minor (0), A minor (0), A minor (0), E minor (1#), A minor (0), A minor (0), A minor (0), A minor (0), A minor (0), D minor (1b), A minor (0), A minor (0), A minor (0), A minor (0), A minor (0), E minor (1#), A minor (0), B minor (2#), B minor (2#), B major (5#), E major (4#), A minor (0), D minor (1b), A minor (0), A minor (0), A minor (0), A minor (0), E minor (1#), A minor (0), A minor (0), A minor (0), A minor (0), A minor (0), A minor (0), A minor (0), A minor (0), A minor (0), A minor (0), E minor (1#), E minor (1#), A minor (0), B minor (2#), A minor (0), E minor (1#), A minor (0), A minor (0), A minor (0), A minor (0), A minor (0), A minor (0), A minor (0), E minor (1#), A minor (0), A minor (0), A minor (0), B minor (2#), B minor (2#), B minor (2#), E minor (1#), A minor (0), A minor (0), A minor (0), A minor (0), E minor (1#), A minor (0), E minor (1#), A minor (0), E minor (1#), E minor (1#), A minor (0), A minor (0), E minor (1#), A minor (0), A minor (0), A minor (0), A major (3#), A minor (0), A minor (0), A minor (0), A minor (0), E minor (1#), B major (5#), A minor (0), A minor (0), A minor (0), A major (3#), E minor (1#), A major (3#), A minor (0), E minor (1#), A minor (0), A minor (0), A minor (0), E mixolydian (4#), A minor (0), F# major (6#), B minor (2#), A minor (0), E minor (1#), E minor (1#), A minor (0), A minor (0), A minor (0), E minor (1#), E major (4#), A minor (0), A minor (0), A minor (0), A minor (0), A major (3#), A minor (0), E minor (1#), A minor (0), E mixolydian (4#), A minor (0), E major (4#), C# minor (4#), F# minor (3#), E minor (1#), A minor (0), A minor (0), E minor (1#), A minor (0), E minor (1#), A minor (0), B minor (2#), A minor (0), A minor (0), F# major (6#), F# major (6#), A minor (0), A minor (0), B minor (2#), B minor (2#), E minor (1#), A major (3#), A minor (0), A minor (0), A minor (0), C minor (3b), A minor (0), A minor (0), D minor (1b), A minor (0), A minor (0), A major (3#), A minor (0), E minor (1#), A minor (0), A minor (0), A minor (0), E minor (1#), E minor (1#), E major (4#), A minor (0), E mixolydian (4#), D dorian (2#), F# major (6#), A minor (0), A major (3#), A minor (0), A minor (0), A minor (0), A minor (0), E minor (1#), E major (4#), A minor (0), F# major (6#), A minor (0), A minor (0), E minor (1#), E minor (1#), A minor (0), E minor (1#), B minor (2#), F# minor (3#), F# major (6#), F# minor (3#), E minor (1#), B major (5#), B minor (2#), A minor (0), A minor (0), E minor (1#), A minor (0), E minor (1#), A minor (0), A minor (0), A minor (0), A minor (0), A minor (0), F dorian (1b), D lydian (2#), A minor (0), E minor (1#), A major (3#), A minor (0), E minor (1#), B minor (2#), B minor (2#)
C minor mel (3b),  ,  ,  ,  ,  ,  ,  ,  ,  ,  ,  ,  ,  ,  ,  ,  ,  ,  ,  ,  ,  ,  ,  ,  ,  ,  ,  ,  ,  ,  ,  ,  ,  ,  ,  ,  ,  ,  ,  ,  ,  ,  ,  ,  ,  ,  ,  ,  ,  ,  ,  ,  ,  ,  ,  ,  ,  ,  ,  ,  ,  ,  ,  ,  ,  ,  ,  ,  ,  ,  ,  ,  ,  ,  ,  ,  ,  ,  ,  ,  ,  ,  ,  ,  ,  ,  ,  ,  ,  ,  ,  ,  ,  ,  ,  ,  ,  ,  ,  ,  ,  ,  ,  ,  ,  ,  ,  ,  ,  ,  ,  ,  ,  ,  ,  ,  ,  ,  ,  ,  ,  ,  ,  ,  ,  ,  ,  ,  ,  ,  ,  ,  ,  ,  ,  ,  ,  ,  ,  ,  ,  ,  ,  ,  ,  ,  ,  ,  ,  ,  ,  ,  ,  ,  ,  ,  ,  ,  ,  ,  ,  ,  ,  ,  ,  ,  ,  ,  ,  ,  ,  ,  ,  ,  ,  ,  ,  ,  ,  ,  ,  ,  ,  ,  ,  ,  ,  ,  ,  ,  ,  ,  ,  ,  ,  ,  ,  ,  ,  ,  ,  ,  ,  ,  ,  ,  ,  ,  ,  ,  ,  ,  ,  ,  ,  ,  ,  ,  ,  ,  ,  ,  ,  ,  ,  ,  ,  ,  ,  ,  ,  ,  ,  ,  ,  ,  ,  ,  ,  ,  ,  ,  ,  ,  ,  ,  ,  ,  ,  ,  ,  ,  ,  ,  ,  ,  ,  ,  ,  ,  ,  ,  ,  ,  ,  ,  ,  ,  ,  ,  ,  ,  ,  ,  ,  ,  ,  ,  ,  ,  ,  ,  ,  ,  ,  ,  ,  ,  ,  ,  ,  
F# minor mel (3#),  ,  ,  ,  ,  ,  ,  ,  ,  ,  ,  ,  ,  ,  ,  ,  ,  ,  ,  ,  ,  ,  ,  ,  ,  ,  ,  ,  ,  ,  ,  ,  ,  ,  ,  ,  ,  ,  ,  ,  ,  ,  ,  ,  ,  ,  ,  ,  ,  ,  ,  ,  ,  ,  ,  ,  ,  ,  ,  ,  ,  ,  ,  ,  ,  ,  ,  ,  ,  ,  ,  ,  ,  ,  ,  ,  ,  ,  ,  ,  ,  ,  ,  ,  ,  ,  ,  ,  ,  ,  ,  ,  ,  ,  ,  ,  ,  ,  ,  ,  ,  ,  ,  ,  ,  ,  ,  ,  ,  ,  ,  ,  ,  ,  ,  ,  ,  ,  ,  ,  ,  ,  ,  ,  ,  ,  ,  ,  ,  ,  ,  ,  ,  ,  ,  ,  ,  ,  ,  ,  ,  ,  ,  ,  ,  ,  ,  ,  ,  ,  ,  ,  ,  ,  ,  ,  ,  ,  ,  ,  ,  ,  ,  ,  ,  ,  ,  ,  ,  ,  ,  ,  ,  ,  ,  ,  ,  ,  ,  ,  ,  ,  ,  ,  ,  ,  ,  ,  ,  ,  ,  ,  ,  ,  ,  ,  ,  ,  ,  ,  ,  ,  ,  ,  ,  ,  ,  ,  ,  ,  ,  ,  ,  ,  ,  ,  ,  ,  ,  ,  ,  ,  ,  ,  ,  ,  ,  ,  ,  ,  ,  ,  ,  ,  ,  ,  ,  ,  ,  ,  ,  ,  ,  ,  ,  ,  ,  ,  ,  ,  ,  ,  ,  ,  ,  ,  ,  ,  ,  ,  ,  ,  ,  ,  ,  ,  ,  ,  ,  ,  ,  ,  ,  ,  ,  ,  ,  ,  ,  ,  ,  ,  ,  ,  ,  ,  ,  ,  ,  ,  ,  
Eb major blues (3b),  ,  ,  ,  ,  ,  ,  ,  ,  ,  ,  ,  ,  ,  ,  ,  ,  ,  ,  ,  ,  ,  ,  ,  ,  ,  ,  ,  ,  ,  ,  ,  ,  ,  ,  ,  ,  ,  ,  ,  ,  ,  ,  ,  ,  ,  ,  ,  ,  ,  ,  ,  ,  ,  ,  ,  ,  ,  ,  ,  ,  ,  ,  ,  ,  ,  ,  ,  ,  ,  ,  ,  ,  ,  ,  ,  ,  ,  ,  ,  ,  ,  ,  ,  ,  ,  ,  ,  ,  ,  ,  ,  ,  ,  ,  ,  ,  ,  ,  ,  ,  ,  ,  ,  ,  ,  ,  ,  ,  ,  ,  ,  ,  ,  ,  ,  ,  ,  ,  ,  ,  ,  ,  ,  ,  ,  ,  ,  ,  ,  ,  ,  ,  ,  ,  ,  ,  ,  ,  ,  ,  ,  ,  ,  ,  ,  ,  ,  ,  ,  ,  ,  ,  ,  ,  ,  ,  ,  ,  ,  ,  ,  ,  ,  ,  ,  ,  ,  ,  ,  ,  ,  ,  ,  ,  ,  ,  ,  ,  ,  ,  ,  ,  ,  ,  ,  ,  ,  ,  ,  ,  ,  ,  ,  ,  ,  ,  ,  ,  ,  ,  ,  ,  ,  ,  ,  ,  ,  ,  ,  ,  ,  ,  ,  ,  ,  ,  ,  ,  ,  ,  ,  ,  ,  ,  ,  ,  ,  ,  ,  ,  ,  ,  ,  ,  ,  ,  ,  ,  ,  ,  ,  ,  ,  ,  ,  ,  ,  ,  ,  ,  ,  ,  ,  ,  ,  ,  ,  ,  ,  ,  ,  ,  ,  ,  ,  ,  ,  ,  ,  ,  ,  ,  ,  ,  ,  ,  ,  ,  ,  ,  ,  ,  ,  ,  ,  ,  ,  ,  ,  ,  
A major blues (3#),  ,  ,  ,  ,  ,  ,  ,  ,  ,  ,  ,  ,  ,  ,  ,  ,  ,  ,  ,  ,  ,  ,  ,  ,  ,  ,  ,  ,  ,  ,  ,  ,  ,  ,  ,  ,  ,  ,  ,  ,  ,  ,  ,  ,  ,  ,  ,  ,  ,  ,  ,  ,  ,  ,  ,  ,  ,  ,  ,  ,  ,  ,  ,  ,  ,  ,  ,  ,  ,  ,  ,  ,  ,  ,  ,  ,  ,  ,  ,  ,  ,  ,  ,  ,  ,  ,  ,  ,  ,  ,  ,  ,  ,  ,  ,  ,  ,  ,  ,  ,  ,  ,  ,  ,  ,  ,  ,  ,  ,  ,  ,  ,  ,  ,  ,  ,  ,  ,  ,  ,  ,  ,  ,  ,  ,  ,  ,  ,  ,  ,  ,  ,  ,  ,  ,  ,  ,  ,  ,  ,  ,  ,  ,  ,  ,  ,  ,  ,  ,  ,  ,  ,  ,  ,  ,  ,  ,  ,  ,  ,  ,  ,  ,  ,  ,  ,  ,  ,  ,  ,  ,  ,  ,  ,  ,  ,  ,  ,  ,  ,  ,  ,  ,  ,  ,  ,  ,  ,  ,  ,  ,  ,  ,  ,  ,  ,  ,  ,  ,  ,  ,  ,  ,  ,  ,  ,  ,  ,  ,  ,  ,  ,  ,  ,  ,  ,  ,  ,  ,  ,  ,  ,  ,  ,  ,  ,  ,  ,  ,  ,  ,  ,  ,  ,  ,  ,  ,  ,  ,  ,  ,  ,  ,  ,  ,  ,  ,  ,  ,  ,  ,  ,  ,  ,  ,  ,  ,  ,  ,  ,  ,  ,  ,  ,  ,  ,  ,  ,  ,  ,  ,  ,  ,  ,  ,  ,  ,  ,  ,  ,  ,  ,  ,  ,  ,  ,  ,  ,  ,  ,  
C minor blues (3b),  ,  ,  ,  ,  ,  ,  ,  ,  ,  ,  ,  ,  ,  ,  ,  ,  ,  ,  ,  ,  ,  ,  ,  ,  ,  ,  ,  ,  ,  ,  ,  ,  ,  ,  ,  ,  ,  ,  ,  ,  ,  ,  ,  ,  ,  ,  ,  ,  ,  ,  ,  ,  ,  ,  ,  ,  ,  ,  ,  ,  ,  ,  ,  ,  ,  ,  ,  ,  ,  ,  ,  ,  ,  ,  ,  ,  ,  ,  ,  ,  ,  ,  ,  ,  ,  ,  ,  ,  ,  ,  ,  ,  ,  ,  ,  ,  ,  ,  ,  ,  ,  ,  ,  ,  ,  ,  ,  ,  ,  ,  ,  ,  ,  ,  ,  ,  ,  ,  ,  ,  ,  ,  ,  ,  ,  ,  ,  ,  ,  ,  ,  ,  ,  ,  ,  ,  ,  ,  ,  ,  ,  ,  ,  ,  ,  ,  ,  ,  ,  ,  ,  ,  ,  ,  ,  ,  ,  ,  ,  ,  ,  ,  ,  ,  ,  ,  ,  ,  ,  ,  ,  ,  ,  ,  ,  ,  ,  ,  ,  ,  ,  ,  ,  ,  ,  ,  ,  ,  ,  ,  ,  ,  ,  ,  ,  ,  ,  ,  ,  ,  ,  ,  ,  ,  ,  ,  ,  ,  ,  ,  ,  ,  ,  ,  ,  ,  ,  ,  ,  ,  ,  ,  ,  ,  ,  ,  ,  ,  ,  ,  ,  ,  ,  ,  ,  ,  ,  ,  ,  ,  ,  ,  ,  ,  ,  ,  ,  ,  ,  ,  ,  ,  ,  ,  ,  ,  ,  ,  ,  ,  ,  ,  ,  ,  ,  ,  ,  ,  ,  ,  ,  ,  ,  ,  ,  ,  ,  ,  ,  ,  ,  ,  ,  ,  ,  ,  ,  ,  ,  ,  
F# minor blues (3#),  ,  ,  ,  ,  ,  ,  ,  ,  ,  ,  ,  ,  ,  ,  ,  ,  ,  ,  ,  ,  ,  ,  ,  ,  ,  ,  ,  ,  ,  ,  ,  ,  ,  ,  ,  ,  ,  ,  ,  ,  ,  ,  ,  ,  ,  ,  ,  ,  ,  ,  ,  ,  ,  ,  ,  ,  ,  ,  ,  ,  ,  ,  ,  ,  ,  ,  ,  ,  ,  ,  ,  ,  ,  ,  ,  ,  ,  ,  ,  ,  ,  ,  ,  ,  ,  ,  ,  ,  ,  ,  ,  ,  ,  ,  ,  ,  ,  ,  ,  ,  ,  ,  ,  ,  ,  ,  ,  ,  ,  ,  ,  ,  ,  ,  ,  ,  ,  ,  ,  ,  ,  ,  ,  ,  ,  ,  ,  ,  ,  ,  ,  ,  ,  ,  ,  ,  ,  ,  ,  ,  ,  ,  ,  ,  ,  ,  ,  ,  ,  ,  ,  ,  ,  ,  ,  ,  ,  ,  ,  ,  ,  ,  ,  ,  ,  ,  ,  ,  ,  ,  ,  ,  ,  ,  ,  ,  ,  ,  ,  ,  ,  ,  ,  ,  ,  ,  ,  ,  ,  ,  ,  ,  ,  ,  ,  ,  ,  ,  ,  ,  ,  ,  ,  ,  ,  ,  ,  ,  ,  ,  ,  ,  ,  ,  ,  ,  ,  ,  ,  ,  ,  ,  ,  ,  ,  ,  ,  ,  ,  ,  ,  ,  ,  ,  ,  ,  ,  ,  ,  ,  ,  ,  ,  ,  ,  ,  ,  ,  ,  ,  ,  ,  ,  ,  ,  ,  ,  ,  ,  ,  ,  ,  ,  ,  ,  ,  ,  ,  ,  ,  ,  ,  ,  ,  ,  ,  ,  ,  ,  ,  ,  ,  ,  ,  ,  ,  ,  ,  ,  ,  
Eb dorian (3b),  ,  ,  ,  ,  ,  ,  ,  ,  ,  ,  ,  ,  ,  ,  ,  ,  ,  ,  ,  ,  ,  ,  ,  ,  ,  ,  ,  ,  ,  ,  ,  ,  ,  ,  ,  ,  ,  ,  ,  ,  ,  ,  ,  ,  ,  ,  ,  ,  ,  ,  ,  ,  ,  ,  ,  ,  ,  ,  ,  ,  ,  ,  ,  ,  ,  ,  ,  ,  ,  ,  ,  ,  ,  ,  ,  ,  ,  ,  ,  ,  ,  ,  ,  ,  ,  ,  ,  ,  ,  ,  ,  ,  ,  ,  ,  ,  ,  ,  ,  ,  ,  ,  ,  ,  ,  ,  ,  ,  ,  ,  ,  ,  ,  ,  ,  ,  ,  ,  ,  ,  ,  ,  ,  ,  ,  ,  ,  ,  ,  ,  ,  ,  ,  ,  ,  ,  ,  ,  ,  ,  ,  ,  ,  ,  ,  ,  ,  ,  ,  ,  ,  ,  ,  ,  ,  ,  ,  ,  ,  ,  ,  ,  ,  ,  ,  ,  ,  ,  ,  ,  ,  ,  ,  ,  ,  ,  ,  ,  ,  ,  ,  ,  ,  ,  ,  ,  ,  ,  ,  ,  ,  ,  ,  ,  ,  ,  ,  ,  ,  ,  ,  ,  ,  ,  ,  ,  ,  ,  ,  ,  ,  ,  ,  ,  ,  ,  ,  ,  ,  ,  ,  ,  ,  ,  ,  ,  ,  ,  ,  ,  ,  ,  ,  ,  ,  ,  ,  ,  ,  ,  ,  ,  ,  ,  ,  ,  ,  ,  ,  ,  ,  ,  ,  ,  ,  ,  ,  ,  ,  ,  ,  ,  ,  ,  ,  ,  ,  ,  ,  ,  ,  ,  ,  ,  ,  ,  ,  ,  ,  ,  ,  ,  ,  ,  ,  ,  ,  ,  ,  ,  
A dorian (3#),  ,  ,  ,  ,  ,  ,  ,  ,  ,  ,  ,  ,  ,  ,  ,  ,  ,  ,  ,  ,  ,  ,  ,  ,  ,  ,  ,  ,  ,  ,  ,  ,  ,  ,  ,  ,  ,  ,  ,  ,  ,  ,  ,  ,  ,  ,  ,  ,  ,  ,  ,  ,  ,  ,  ,  ,  ,  ,  ,  ,  ,  ,  ,  ,  ,  ,  ,  ,  ,  ,  ,  ,  ,  ,  ,  ,  ,  ,  ,  ,  ,  ,  ,  ,  ,  ,  ,  ,  ,  ,  ,  ,  ,  ,  ,  ,  ,  ,  ,  ,  ,  ,  ,  ,  ,  ,  ,  ,  ,  ,  ,  ,  ,  ,  ,  ,  ,  ,  ,  ,  ,  ,  ,  ,  ,  ,  ,  ,  ,  ,  ,  ,  ,  ,  ,  ,  ,  ,  ,  ,  ,  ,  ,  ,  ,  ,  ,  ,  ,  ,  ,  ,  ,  ,  ,  ,  ,  ,  ,  ,  ,  ,  ,  ,  ,  ,  ,  ,  ,  ,  ,  ,  ,  ,  ,  ,  ,  ,  ,  ,  ,  ,  ,  ,  ,  ,  ,  ,  ,  ,  ,  ,  ,  ,  ,  ,  ,  ,  ,  ,  ,  ,  ,  ,  ,  ,  ,  ,  ,  ,  ,  ,  ,  ,  ,  ,  ,  ,  ,  ,  ,  ,  ,  ,  ,  ,  ,  ,  ,  ,  ,  ,  ,  ,  ,  ,  ,  ,  ,  ,  ,  ,  ,  ,  ,  ,  ,  ,  ,  ,  ,  ,  ,  ,  ,  ,  ,  ,  ,  ,  ,  ,  ,  ,  ,  ,  ,  ,  ,  ,  ,  ,  ,  ,  ,  ,  ,  ,  ,  ,  ,  ,  ,  ,  ,  ,  ,  ,  ,  ,  
Eb phrygian (3b),  ,  ,  ,  ,  ,  ,  ,  ,  ,  ,  ,  ,  ,  ,  ,  ,  ,  ,  ,  ,  ,  ,  ,  ,  ,  ,  ,  ,  ,  ,  ,  ,  ,  ,  ,  ,  ,  ,  ,  ,  ,  ,  ,  ,  ,  ,  ,  ,  ,  ,  ,  ,  ,  ,  ,  ,  ,  ,  ,  ,  ,  ,  ,  ,  ,  ,  ,  ,  ,  ,  ,  ,  ,  ,  ,  ,  ,  ,  ,  ,  ,  ,  ,  ,  ,  ,  ,  ,  ,  ,  ,  ,  ,  ,  ,  ,  ,  ,  ,  ,  ,  ,  ,  ,  ,  ,  ,  ,  ,  ,  ,  ,  ,  ,  ,  ,  ,  ,  ,  ,  ,  ,  ,  ,  ,  ,  ,  ,  ,  ,  ,  ,  ,  ,  ,  ,  ,  ,  ,  ,  ,  ,  ,  ,  ,  ,  ,  ,  ,  ,  ,  ,  ,  ,  ,  ,  ,  ,  ,  ,  ,  ,  ,  ,  ,  ,  ,  ,  ,  ,  ,  ,  ,  ,  ,  ,  ,  ,  ,  ,  ,  ,  ,  ,  ,  ,  ,  ,  ,  ,  ,  ,  ,  ,  ,  ,  ,  ,  ,  ,  ,  ,  ,  ,  ,  ,  ,  ,  ,  ,  ,  ,  ,  ,  ,  ,  ,  ,  ,  ,  ,  ,  ,  ,  ,  ,  ,  ,  ,  ,  ,  ,  ,  ,  ,  ,  ,  ,  ,  ,  ,  ,  ,  ,  ,  ,  ,  ,  ,  ,  ,  ,  ,  ,  ,  ,  ,  ,  ,  ,  ,  ,  ,  ,  ,  ,  ,  ,  ,  ,  ,  ,  ,  ,  ,  ,  ,  ,  ,  ,  ,  ,  ,  ,  ,  ,  ,  ,  ,  ,  
A phrygian (3#),  ,  ,  ,  ,  ,  ,  ,  ,  ,  ,  ,  ,  ,  ,  ,  ,  ,  ,  ,  ,  ,  ,  ,  ,  ,  ,  ,  ,  ,  ,  ,  ,  ,  ,  ,  ,  ,  ,  ,  ,  ,  ,  ,  ,  ,  ,  ,  ,  ,  ,  ,  ,  ,  ,  ,  ,  ,  ,  ,  ,  ,  ,  ,  ,  ,  ,  ,  ,  ,  ,  ,  ,  ,  ,  ,  ,  ,  ,  ,  ,  ,  ,  ,  ,  ,  ,  ,  ,  ,  ,  ,  ,  ,  ,  ,  ,  ,  ,  ,  ,  ,  ,  ,  ,  ,  ,  ,  ,  ,  ,  ,  ,  ,  ,  ,  ,  ,  ,  ,  ,  ,  ,  ,  ,  ,  ,  ,  ,  ,  ,  ,  ,  ,  ,  ,  ,  ,  ,  ,  ,  ,  ,  ,  ,  ,  ,  ,  ,  ,  ,  ,  ,  ,  ,  ,  ,  ,  ,  ,  ,  ,  ,  ,  ,  ,  ,  ,  ,  ,  ,  ,  ,  ,  ,  ,  ,  ,  ,  ,  ,  ,  ,  ,  ,  ,  ,  ,  ,  ,  ,  ,  ,  ,  ,  ,  ,  ,  ,  ,  ,  ,  ,  ,  ,  ,  ,  ,  ,  ,  ,  ,  ,  ,  ,  ,  ,  ,  ,  ,  ,  ,  ,  ,  ,  ,  ,  ,  ,  ,  ,  ,  ,  ,  ,  ,  ,  ,  ,  ,  ,  ,  ,  ,  ,  ,  ,  ,  ,  ,  ,  ,  ,  ,  ,  ,  ,  ,  ,  ,  ,  ,  ,  ,  ,  ,  ,  ,  ,  ,  ,  ,  ,  ,  ,  ,  ,  ,  ,  ,  ,  ,  ,  ,  ,  ,  ,  ,  ,  ,  ,  
Eb lydian (3b),  ,  ,  ,  ,  ,  ,  ,  ,  ,  ,  ,  ,  ,  ,  ,  ,  ,  ,  ,  ,  ,  ,  ,  ,  ,  ,  ,  ,  ,  ,  ,  ,  ,  ,  ,  ,  ,  ,  ,  ,  ,  ,  ,  ,  ,  ,  ,  ,  ,  ,  ,  ,  ,  ,  ,  ,  ,  ,  ,  ,  ,  ,  ,  ,  ,  ,  ,  ,  ,  ,  ,  ,  ,  ,  ,  ,  ,  ,  ,  ,  ,  ,  ,  ,  ,  ,  ,  ,  ,  ,  ,  ,  ,  ,  ,  ,  ,  ,  ,  ,  ,  ,  ,  ,  ,  ,  ,  ,  ,  ,  ,  ,  ,  ,  ,  ,  ,  ,  ,  ,  ,  ,  ,  ,  ,  ,  ,  ,  ,  ,  ,  ,  ,  ,  ,  ,  ,  ,  ,  ,  ,  ,  ,  ,  ,  ,  ,  ,  ,  ,  ,  ,  ,  ,  ,  ,  ,  ,  ,  ,  ,  ,  ,  ,  ,  ,  ,  ,  ,  ,  ,  ,  ,  ,  ,  ,  ,  ,  ,  ,  ,  ,  ,  ,  ,  ,  ,  ,  ,  ,  ,  ,  ,  ,  ,  ,  ,  ,  ,  ,  ,  ,  ,  ,  ,  ,  ,  ,  ,  ,  ,  ,  ,  ,  ,  ,  ,  ,  ,  ,  ,  ,  ,  ,  ,  ,  ,  ,  ,  ,  ,  ,  ,  ,  ,  ,  ,  ,  ,  ,  ,  ,  ,  ,  ,  ,  ,  ,  ,  ,  ,  ,  ,  ,  ,  ,  ,  ,  ,  ,  ,  ,  ,  ,  ,  ,  ,  ,  ,  ,  ,  ,  ,  ,  ,  ,  ,  ,  ,  ,  ,  ,  ,  ,  ,  ,  ,  ,  ,  ,  
A lydian (3#),  ,  ,  ,  ,  ,  ,  ,  ,  ,  ,  ,  ,  ,  ,  ,  ,  ,  ,  ,  ,  ,  ,  ,  ,  ,  ,  ,  ,  ,  ,  ,  ,  ,  ,  ,  ,  ,  ,  ,  ,  ,  ,  ,  ,  ,  ,  ,  ,  ,  ,  ,  ,  ,  ,  ,  ,  ,  ,  ,  ,  ,  ,  ,  ,  ,  ,  ,  ,  ,  ,  ,  ,  ,  ,  ,  ,  ,  ,  ,  ,  ,  ,  ,  ,  ,  ,  ,  ,  ,  ,  ,  ,  ,  ,  ,  ,  ,  ,  ,  ,  ,  ,  ,  ,  ,  ,  ,  ,  ,  ,  ,  ,  ,  ,  ,  ,  ,  ,  ,  ,  ,  ,  ,  ,  ,  ,  ,  ,  ,  ,  ,  ,  ,  ,  ,  ,  ,  ,  ,  ,  ,  ,  ,  ,  ,  ,  ,  ,  ,  ,  ,  ,  ,  ,  ,  ,  ,  ,  ,  ,  ,  ,  ,  ,  ,  ,  ,  ,  ,  ,  ,  ,  ,  ,  ,  ,  ,  ,  ,  ,  ,  ,  ,  ,  ,  ,  ,  ,  ,  ,  ,  ,  ,  ,  ,  ,  ,  ,  ,  ,  ,  ,  ,  ,  ,  ,  ,  ,  ,  ,  ,  ,  ,  ,  ,  ,  ,  ,  ,  ,  ,  ,  ,  ,  ,  ,  ,  ,  ,  ,  ,  ,  ,  ,  ,  ,  ,  ,  ,  ,  ,  ,  ,  ,  ,  ,  ,  ,  ,  ,  ,  ,  ,  ,  ,  ,  ,  ,  ,  ,  ,  ,  ,  ,  ,  ,  ,  ,  ,  ,  ,  ,  ,  ,  ,  ,  ,  ,  ,  ,  ,  ,  ,  ,  ,  ,  ,  ,  ,  ,  
Eb mixolydian (3b),  ,  ,  ,  ,  ,  ,  ,  ,  ,  ,  ,  ,  ,  ,  ,  ,  ,  ,  ,  ,  ,  ,  ,  ,  ,  ,  ,  ,  ,  ,  ,  ,  ,  ,  ,  ,  ,  ,  ,  ,  ,  ,  ,  ,  ,  ,  ,  ,  ,  ,  ,  ,  ,  ,  ,  ,  ,  ,  ,  ,  ,  ,  ,  ,  ,  ,  ,  ,  ,  ,  ,  ,  ,  ,  ,  ,  ,  ,  ,  ,  ,  ,  ,  ,  ,  ,  ,  ,  ,  ,  ,  ,  ,  ,  ,  ,  ,  ,  ,  ,  ,  ,  ,  ,  ,  ,  ,  ,  ,  ,  ,  ,  ,  ,  ,  ,  ,  ,  ,  ,  ,  ,  ,  ,  ,  ,  ,  ,  ,  ,  ,  ,  ,  ,  ,  ,  ,  ,  ,  ,  ,  ,  ,  ,  ,  ,  ,  ,  ,  ,  ,  ,  ,  ,  ,  ,  ,  ,  ,  ,  ,  ,  ,  ,  ,  ,  ,  ,  ,  ,  ,  ,  ,  ,  ,  ,  ,  ,  ,  ,  ,  ,  ,  ,  ,  ,  ,  ,  ,  ,  ,  ,  ,  ,  ,  ,  ,  ,  ,  ,  ,  ,  ,  ,  ,  ,  ,  ,  ,  ,  ,  ,  ,  ,  ,  ,  ,  ,  ,  ,  ,  ,  ,  ,  ,  ,  ,  ,  ,  ,  ,  ,  ,  ,  ,  ,  ,  ,  ,  ,  ,  ,  ,  ,  ,  ,  ,  ,  ,  ,  ,  ,  ,  ,  ,  ,  ,  ,  ,  ,  ,  ,  ,  ,  ,  ,  ,  ,  ,  ,  ,  ,  ,  ,  ,  ,  ,  ,  ,  ,  ,  ,  ,  ,  ,  ,  ,  ,  ,  ,  
A mixolydian (3#),  ,  ,  ,  ,  ,  ,  ,  ,  ,  ,  ,  ,  ,  ,  ,  ,  ,  ,  ,  ,  ,  ,  ,  ,  ,  ,  ,  ,  ,  ,  ,  ,  ,  ,  ,  ,  ,  ,  ,  ,  ,  ,  ,  ,  ,  ,  ,  ,  ,  ,  ,  ,  ,  ,  ,  ,  ,  ,  ,  ,  ,  ,  ,  ,  ,  ,  ,  ,  ,  ,  ,  ,  ,  ,  ,  ,  ,  ,  ,  ,  ,  ,  ,  ,  ,  ,  ,  ,  ,  ,  ,  ,  ,  ,  ,  ,  ,  ,  ,  ,  ,  ,  ,  ,  ,  ,  ,  ,  ,  ,  ,  ,  ,  ,  ,  ,  ,  ,  ,  ,  ,  ,  ,  ,  ,  ,  ,  ,  ,  ,  ,  ,  ,  ,  ,  ,  ,  ,  ,  ,  ,  ,  ,  ,  ,  ,  ,  ,  ,  ,  ,  ,  ,  ,  ,  ,  ,  ,  ,  ,  ,  ,  ,  ,  ,  ,  ,  ,  ,  ,  ,  ,  ,  ,  ,  ,  ,  ,  ,  ,  ,  ,  ,  ,  ,  ,  ,  ,  ,  ,  ,  ,  ,  ,  ,  ,  ,  ,  ,  ,  ,  ,  ,  ,  ,  ,  ,  ,  ,  ,  ,  ,  ,  ,  ,  ,  ,  ,  ,  ,  ,  ,  ,  ,  ,  ,  ,  ,  ,  ,  ,  ,  ,  ,  ,  ,  ,  ,  ,  ,  ,  ,  ,  ,  ,  ,  ,  ,  ,  ,  ,  ,  ,  ,  ,  ,  ,  ,  ,  ,  ,  ,  ,  ,  ,  ,  ,  ,  ,  ,  ,  ,  ,  ,  ,  ,  ,  ,  ,  ,  ,  ,  ,  ,  ,  ,  ,  ,  ,  ,  
Eb aeolian (3b),  ,  ,  ,  ,  ,  ,  ,  ,  ,  ,  ,  ,  ,  ,  ,  ,  ,  ,  ,  ,  ,  ,  ,  ,  ,  ,  ,  ,  ,  ,  ,  ,  ,  ,  ,  ,  ,  ,  ,  ,  ,  ,  ,  ,  ,  ,  ,  ,  ,  ,  ,  ,  ,  ,  ,  ,  ,  ,  ,  ,  ,  ,  ,  ,  ,  ,  ,  ,  ,  ,  ,  ,  ,  ,  ,  ,  ,  ,  ,  ,  ,  ,  ,  ,  ,  ,  ,  ,  ,  ,  ,  ,  ,  ,  ,  ,  ,  ,  ,  ,  ,  ,  ,  ,  ,  ,  ,  ,  ,  ,  ,  ,  ,  ,  ,  ,  ,  ,  ,  ,  ,  ,  ,  ,  ,  ,  ,  ,  ,  ,  ,  ,  ,  ,  ,  ,  ,  ,  ,  ,  ,  ,  ,  ,  ,  ,  ,  ,  ,  ,  ,  ,  ,  ,  ,  ,  ,  ,  ,  ,  ,  ,  ,  ,  ,  ,  ,  ,  ,  ,  ,  ,  ,  ,  ,  ,  ,  ,  ,  ,  ,  ,  ,  ,  ,  ,  ,  ,  ,  ,  ,  ,  ,  ,  ,  ,  ,  ,  ,  ,  ,  ,  ,  ,  ,  ,  ,  ,  ,  ,  ,  ,  ,  ,  ,  ,  ,  ,  ,  ,  ,  ,  ,  ,  ,  ,  ,  ,  ,  ,  ,  ,  ,  ,  ,  ,  ,  ,  ,  ,  ,  ,  ,  ,  ,  ,  ,  ,  ,  ,  ,  ,  ,  ,  ,  ,  ,  ,  ,  ,  ,  ,  ,  ,  ,  ,  ,  ,  ,  ,  ,  ,  ,  ,  ,  ,  ,  ,  ,  ,  ,  ,  ,  ,  ,  ,  ,  ,  ,  ,  
A aeolian (3#),  ,  ,  ,  ,  ,  ,  ,  ,  ,  ,  ,  ,  ,  ,  ,  ,  ,  ,  ,  ,  ,  ,  ,  ,  ,  ,  ,  ,  ,  ,  ,  ,  ,  ,  ,  ,  ,  ,  ,  ,  ,  ,  ,  ,  ,  ,  ,  ,  ,  ,  ,  ,  ,  ,  ,  ,  ,  ,  ,  ,  ,  ,  ,  ,  ,  ,  ,  ,  ,  ,  ,  ,  ,  ,  ,  ,  ,  ,  ,  ,  ,  ,  ,  ,  ,  ,  ,  ,  ,  ,  ,  ,  ,  ,  ,  ,  ,  ,  ,  ,  ,  ,  ,  ,  ,  ,  ,  ,  ,  ,  ,  ,  ,  ,  ,  ,  ,  ,  ,  ,  ,  ,  ,  ,  ,  ,  ,  ,  ,  ,  ,  ,  ,  ,  ,  ,  ,  ,  ,  ,  ,  ,  ,  ,  ,  ,  ,  ,  ,  ,  ,  ,  ,  ,  ,  ,  ,  ,  ,  ,  ,  ,  ,  ,  ,  ,  ,  ,  ,  ,  ,  ,  ,  ,  ,  ,  ,  ,  ,  ,  ,  ,  ,  ,  ,  ,  ,  ,  ,  ,  ,  ,  ,  ,  ,  ,  ,  ,  ,  ,  ,  ,  ,  ,  ,  ,  ,  ,  ,  ,  ,  ,  ,  ,  ,  ,  ,  ,  ,  ,  ,  ,  ,  ,  ,  ,  ,  ,  ,  ,  ,  ,  ,  ,  ,  ,  ,  ,  ,  ,  ,  ,  ,  ,  ,  ,  ,  ,  ,  ,  ,  ,  ,  ,  ,  ,  ,  ,  ,  ,  ,  ,  ,  ,  ,  ,  ,  ,  ,  ,  ,  ,  ,  ,  ,  ,  ,  ,  ,  ,  ,  ,  ,  ,  ,  ,  ,  ,  ,  ,  
Eb locrian (3b),  ,  ,  ,  ,  ,  ,  ,  ,  ,  ,  ,  ,  ,  ,  ,  ,  ,  ,  ,  ,  ,  ,  ,  ,  ,  ,  ,  ,  ,  ,  ,  ,  ,  ,  ,  ,  ,  ,  ,  ,  ,  ,  ,  ,  ,  ,  ,  ,  ,  ,  ,  ,  ,  ,  ,  ,  ,  ,  ,  ,  ,  ,  ,  ,  ,  ,  ,  ,  ,  ,  ,  ,  ,  ,  ,  ,  ,  ,  ,  ,  ,  ,  ,  ,  ,  ,  ,  ,  ,  ,  ,  ,  ,  ,  ,  ,  ,  ,  ,  ,  ,  ,  ,  ,  ,  ,  ,  ,  ,  ,  ,  ,  ,  ,  ,  ,  ,  ,  ,  ,  ,  ,  ,  ,  ,  ,  ,  ,  ,  ,  ,  ,  ,  ,  ,  ,  ,  ,  ,  ,  ,  ,  ,  ,  ,  ,  ,  ,  ,  ,  ,  ,  ,  ,  ,  ,  ,  ,  ,  ,  ,  ,  ,  ,  ,  ,  ,  ,  ,  ,  ,  ,  ,  ,  ,  ,  ,  ,  ,  ,  ,  ,  ,  ,  ,  ,  ,  ,  ,  ,  ,  ,  ,  ,  ,  ,  ,  ,  ,  ,  ,  ,  ,  ,  ,  ,  ,  ,  ,  ,  ,  ,  ,  ,  ,  ,  ,  ,  ,  ,  ,  ,  ,  ,  ,  ,  ,  ,  ,  ,  ,  ,  ,  ,  ,  ,  ,  ,  ,  ,  ,  ,  ,  ,  ,  ,  ,  ,  ,  ,  ,  ,  ,  ,  ,  ,  ,  ,  ,  ,  ,  ,  ,  ,  ,  ,  ,  ,  ,  ,  ,  ,  ,  ,  ,  ,  ,  ,  ,  ,  ,  ,  ,  ,  ,  ,  ,  ,  ,  ,  
A locrian (3#),  ,  ,  ,  ,  ,  ,  ,  ,  ,  ,  ,  ,  ,  ,  ,  ,  ,  ,  ,  ,  ,  ,  ,  ,  ,  ,  ,  ,  ,  ,  ,  ,  ,  ,  ,  ,  ,  ,  ,  ,  ,  ,  ,  ,  ,  ,  ,  ,  ,  ,  ,  ,  ,  ,  ,  ,  ,  ,  ,  ,  ,  ,  ,  ,  ,  ,  ,  ,  ,  ,  ,  ,  ,  ,  ,  ,  ,  ,  ,  ,  ,  ,  ,  ,  ,  ,  ,  ,  ,  ,  ,  ,  ,  ,  ,  ,  ,  ,  ,  ,  ,  ,  ,  ,  ,  ,  ,  ,  ,  ,  ,  ,  ,  ,  ,  ,  ,  ,  ,  ,  ,  ,  ,  ,  ,  ,  ,  ,  ,  ,  ,  ,  ,  ,  ,  ,  ,  ,  ,  ,  ,  ,  ,  ,  ,  ,  ,  ,  ,  ,  ,  ,  ,  ,  ,  ,  ,  ,  ,  ,  ,  ,  ,  ,  ,  ,  ,  ,  ,  ,  ,  ,  ,  ,  ,  ,  ,  ,  ,  ,  ,  ,  ,  ,  ,  ,  ,  ,  ,  ,  ,  ,  ,  ,  ,  ,  ,  ,  ,  ,  ,  ,  ,  ,  ,  ,  ,  ,  ,  ,  ,  ,  ,  ,  ,  ,  ,  ,  ,  ,  ,  ,  ,  ,  ,  ,  ,  ,  ,  ,  ,  ,  ,  ,  ,  ,  ,  ,  ,  ,  ,  ,  ,  ,  ,  ,  ,  ,  ,  ,  ,  ,  ,  ,  ,  ,  ,  ,  ,  ,  ,  ,  ,  ,  ,  ,  ,  ,  ,  ,  ,  ,  ,  ,  ,  ,  ,  ,  ,  ,  ,  ,  ,  ,  ,  ,  ,  ,  ,  ,  
Ab major (4b), Eb major (3b), F major (1b), F major (1b), F major (1b), F major (1b), F major (1b), F major (1b), F major (1b), F major (1b), F major (1b), C major (0), F major (1b), F major (1b), F major (1b), F major (1b), F major (1b), F major (1b), F major (1b), F major (1b), F major (1b), F major (1b), F major (1b), C major (0), F major (1b), F major (1b), F major (1b), F minor (4b), F major (1b), F minor (4b), F major (1b), C# minor (4#), Bb major (2b), Eb major (3b), C major (0), C major (0), F major (1b), C major (0), F major (1b), C major (0), F major (1b), F minor (4b), F major (1b), F major (1b), F major (1b), F major (1b), C major (0), C major (0), C major (0), F major (1b), F major (1b), F major (1b), F minor (4b), F major (1b), F major (1b), F minor (4b), F major (1b), F minor (4b), F major (1b), Bb major (2b), F major (1b), F major (1b), F major (1b), F major (1b), Ab minor (7b), Eb major (3b), F major (1b), F minor (4b), F major (1b), F major (1b), F major (1b), C major (0), F major (1b), F major (1b), F major (1b), B minor (2#), B minor (2#), C# minor (4#), Bb major (2b), F major (1b), C mixolydian (0), F minor (4b), F major (1b), C major (0), F major (1b), F major (1b), C major (0), A major (3#), C major (0), F minor (4b), F major (1b), F major (1b), F major (1b), F major (1b), C major (0), C major (0), F major (1b), C major (0), F major (1b), F major (1b), F major (1b), F major (1b), F major (1b), F minor (4b), F major (1b), F major (1b), C mixolydian (0), Bb major (2b), F major (1b), F minor (4b), F major (1b), F major (1b), C major (0), F major (1b), F major (1b), F major (1b), F major (1b), F major (1b), F major (1b), Bb major (2b), F major (1b), F major (1b), F major (1b), C major (0), F major (1b), F minor (4b), F major (1b), F major (1b), F major (1b), F major (1b), F major (1b), Bb major (2b), F major (1b), F major (1b), F major (1b), F major (1b), F major (1b), F minor (4b), F major (1b), F major (1b), F major (1b), F major (1b), C major (0), C major (0), F major (1b), F major (1b), C major (0), F major (1b), F major (1b), F major (1b), F major (1b), Bb major (2b), F major (1b), F major (1b), C major (0), C major (0), F major (1b), Bb minor (5b), F major (1b), G major (1#), C major (0), F major (1b), F major (1b), C mixolydian (0), C mixolydian (0), Bb major (2b), F major (1b), F major (1b), Bb major (2b), Eb major (3b), C major (0), F major (1b), F major (1b), F minor (4b), F major (1b), F major (1b), F major (1b), Ab minor (7b), F major (1b), Bb major (2b), Eb major (3b), C major (0), F major (1b), F minor (4b), F major (1b), Bb major (2b), F major (1b), F minor (4b), F major (1b), F minor (4b), F major (1b), C major (0), F major (1b), F major (1b), F major (1b), F major (1b), D major (2#), F major (1b), F major (1b), F major (1b), F major (1b), C major (0), F major (1b), Bb major (2b), F major (1b), F major (1b), Bb major (2b), Bb major (2b), F major (1b), Eb major (3b), F major (1b), Bb major (2b), F major (1b), C major (0), F major (1b), C major (0), F major (1b), D major (2#), F major (1b), C major (0), Eb minor (6b), Bb minor (5b), F major (1b), F major (1b), C major (0), C major (0), F major (1b), F major (1b), Eb major (3b), Eb major (3b), F major (1b), F minor (4b), F minor (4b), F minor (4b), F major (1b), Bb major (2b), F major (1b), C major (0), F major (1b), C major (0), F major (1b), F major (1b), F major (1b), F major (1b), B minor (2#), C# minor (4#), Eb major (3b), Bb mixolydian (2b), C mixolydian (0), F major (1b), F major (1b), Bb major (2b), F major (1b), C major (0), F major (1b), F major (1b), Eb major (3b), Ab minor (7b), F major (1b), F major (1b), F major (1b), F major (1b), F major (1b), C mixolydian (0), Bb mixolydian (2b), C mixolydian (0), C mixolydian (0), Gb phrygian (6b), Gb phrygian (6b), C mixolydian (0), F major (1b), F major (1b), C major (0), C major (0), C major (0), C major (0), F major (1b), C major (0), F major (1b), F major (1b), F major (1b), F major (1b), F major (1b), F major (1b), C major (0), F major (1b), C mixolydian (0), C mixolydian (0), C mixolydian (0), C mixolydian (0), C mixolydian (0), Eb mixolydian (3b)
E major (4#), E minor (1#), A minor (0), E minor (1#), E minor (1#), E minor (1#), A minor (0), E minor (1#), A minor (0), D minor (1b), A minor (0), E minor (1#), A minor (0), E minor (1#), A minor (0), E minor (1#), E minor (1#), E minor (1#), A minor (0), E minor (1#), A minor (0), D minor (1b), A minor (0), A major (3#), A minor (0), A minor (0), A minor (0), E minor (1#), A minor (0), A minor (0), A minor (0), E major (4#), A minor (0), E major (4#), A minor (0), E minor (1#), A minor (0), A minor (0), A minor (0), E minor (1#), E major (4#), F# major (6#), A minor (0), E minor (1#), A minor (0), A minor (0), E minor (1#), E minor (1#), A minor (0), E minor (1#), A minor (0), A minor (0), E minor (1#), E minor (1#), A minor (0), E minor (1#), A minor (0), E minor (1#), E minor (1#), E minor (1#), A minor (0), E minor (1#), A minor (0), E minor (1#), E major (4#), E minor (1#), A minor (0), D minor (1b), A minor (0), A minor (0), E minor (1#), E minor (1#), A minor (0), E minor (1#), A minor (0), B minor (2#), E minor (1#), E major (4#), A minor (0), D minor (1b), A minor (0), A minor (0), E minor (1#), E minor (1#), A minor (0), A minor (0), A minor (0), A major (3#), A minor (0), A major (3#), A minor (0), A minor (0), A minor (0), A minor (0), E minor (1#), E minor (1#), A minor (0), E minor (1#), A minor (0), E minor (1#), E minor (1#), D minor (1b), A minor (0), E minor (1#), A minor (0), A minor (0), E minor (1#), E minor (1#), A minor (0), E minor (1#), E minor (1#), B major (5#), E major (4#), A minor (0), D minor (1b), A minor (0), A minor (0), A minor (0), E minor (1#), E minor (1#), A minor (0), A minor (0), A minor (0), E minor (1#), E minor (1#), C dorian (0), C dorian (0), C dorian (0), C dorian (0), A lydian (3#), E minor (1#), E minor (1#), A minor (0), E minor (1#), A minor (0), E minor (1#), A minor (0), E minor (1#), A minor (0), A minor (0), A minor (0), A minor (0), E minor (1#), E minor (1#), A minor (0), A minor (0), A minor (0), E minor (1#), E minor (1#), E minor (1#), E minor (1#), A minor (0), A minor (0), A minor (0), E minor (1#), E minor (1#), A minor (0), E minor (1#), A minor (0), E minor (1#), E minor (1#), A minor (0), A minor (0), E minor (1#), A minor (0), A minor (0), A minor (0), A major (3#), A minor (0), E minor (1#), A minor (0), A minor (0), E minor (1#), B major (5#), C dorian (0), C dorian (0), C dorian (0), A lydian (3#), E minor (1#), A major (3#), A minor (0), E minor (1#), A minor (0), E minor (1#), A minor (0), E major (4#), C dorian (0), B mixolydian (5#), E minor (1#), A minor (0), E minor (1#), E minor (1#), A minor (0), A minor (0), A minor (0), E minor (1#), E major (4#), A minor (0), A minor (0), E minor (1#), C dorian (0), A lydian (3#), E minor (1#), E minor (1#), A minor (0), E major (4#), A minor (0), E major (4#), E major (4#), A lydian (3#), E minor (1#), A minor (0), A minor (0), E minor (1#), A minor (0), E minor (1#), A minor (0), E minor (1#), A minor (0), A minor (0), F# major (6#), F# major (6#), A minor (0), A minor (0), A minor (0), B minor (2#), E minor (1#), A major (3#), A minor (0), A minor (0), A minor (0), C minor (3b), A minor (0), A minor (0), F dorian (1b), C dorian (0), C dorian (0), A lydian (3#), E minor (1#), E minor (1#), A minor (0), A minor (0), A minor (0), E minor (1#), E minor (1#), E major (4#), A minor (0), E major (4#), E minor (1#), B major (5#), A minor (0), A major (3#), A minor (0), E minor (1#), A minor (0), A minor (0), E minor (1#), E major (4#), A minor (0), D minor (1b), A minor (0), A minor (0), E minor (1#), E minor (1#), A minor (0), E minor (1#), B minor (2#), B major (5#), F# mixolydian (6#), E major (4#), E minor (1#), B mixolydian (5#), D phrygian (2#), A minor (0), E minor (1#), E minor (1#), A minor (0), E minor (1#), E minor (1#), E minor (1#), E minor (1#), A minor (0), A minor (0), F dorian (1b), D lydian (2#), A minor (0), E minor (1#), A major (3#), A minor (0), E minor (1#), E minor (1#), E minor (1#)
F minor (4b), F major (1b), C major (0), F major (1b), F major (1b), F major (1b), F major (1b), F major (1b), C major (0), F major (1b), F major (1b), C major (0), C major (0), F major (1b), C major (0), F major (1b), F major (1b), F major (1b), F major (1b), F major (1b), C major (0), F major (1b), F major (1b), C major (0), C major (0), C major (0), C major (0), F major (1b), F major (1b), F minor (4b), F major (1b), G major (1#), C major (0), C minor (3b), C major (0), C major (0), C major (0), C major (0), C major (0), C major (0), F major (1b), F minor (4b), F major (1b), F major (1b), C major (0), C major (0), C major (0), C major (0), C major (0), F major (1b), C major (0), C major (0), F major (1b), F major (1b), F major (1b), F major (1b), C major (0), F major (1b), F major (1b), Bb lydian (2b), C major (0), F major (1b), C major (0), F major (1b), D major (2#), F major (1b), F major (1b), F major (1b), C major (0), F major (1b), F major (1b), C major (0), C major (0), F major (1b), C major (0), D major (2#), G major (1#), G major (1#), F major (1b), F major (1b), C major (0), C major (0), F major (1b), C mixolydian (0), C mixolydian (0), C mixolydian (0), C mixolydian (0), A mixolydian (3#), C mixolydian (0), F minor (4b), F major (1b), F major (1b), C major (0), C major (0), C major (0), C major (0), C major (0), C major (0), C major (0), F major (1b), F major (1b), F major (1b), F major (1b), F major (1b), C mixolydian (0), C mixolydian (0), C mixolydian (0), Bb lydian (2b), C major (0), F major (1b), C major (0), F major (1b), C major (0), F major (1b), F major (1b), F major (1b), C major (0), C major (0), F major (1b), C major (0), C major (0), C major (0), C major (0), C major (0), F major (1b), F major (1b), F major (1b), F major (1b), C major (0), F major (1b), F major (1b), Bb lydian (2b), C major (0), F major (1b), C major (0), G mixolydian (1#), F major (1b), F major (1b), F major (1b), F major (1b), C major (0), F major (1b), C major (0), C major (0), C major (0), C major (0), C major (0), F major (1b), F major (1b), F major (1b), F major (1b), Bb lydian (2b), C major (0), C major (0), C major (0), C major (0), C major (0), G major (1#), C major (0), G major (1#), C major (0), C major (0), F major (1b), C mixolydian (0), C mixolydian (0), Bb major (2b), F major (1b), G major (1#), C major (0), F major (1b), C major (0), C major (0), F major (1b), F minor (4b), F major (1b), F major (1b), C major (0), C major (0), F major (1b), F major (1b), C minor (3b), C major (0), C major (0), F major (1b), F major (1b), Bb major (2b), F major (1b), F minor (4b), C major (0), F major (1b), F major (1b), C major (0), C major (0), C major (0), C major (0), F major (1b), D major (2#), C major (0), F major (1b), F major (1b), C major (0), C major (0), F major (1b), Bb lydian (2b), C major (0), F major (1b), C mixolydian (0), Bb major (2b), F major (1b), Eb phrygian (3b), F major (1b), Bb lydian (2b), C major (0), G mixolydian (1#), F major (1b), C major (0), C major (0), D major (2#), C major (0), C major (0), Eb minor (6b), Bb minor (5b), F major (1b), F major (1b), C major (0), D major (2#), F major (1b), F major (1b), C major (0), F major (1b), C mixolydian (0), F minor (4b), F minor (4b), F minor (4b), F major (1b), Bb lydian (2b), C major (0), C major (0), F major (1b), C major (0), C major (0), C major (0), C major (0), C major (0), G major (1#), G minor (2b), F major (1b), Bb lydian (2b), C major (0), F major (1b), C mixolydian (0), Bb lydian (2b), C major (0), C major (0), C major (0), F major (1b), F major (1b), Bb major (2b), F major (1b), F major (1b), C major (0), C major (0), C major (0), G major (1#), G minor (2b), G major (1#), C major (0), Eb minor (6b), Eb minor (6b), C major (0), F major (1b), F major (1b), C major (0), C major (0), C major (0), C major (0), C major (0), C major (0), F major (1b), F major (1b), F major (1b), C major (0), F major (1b), F major (1b), C major (0), C major (0), C major (0), C major (0), C major (0), C major (0), G mixolydian (1#), F major (1b)
C# minor (4#), F# minor (3#), B minor (2#), B minor (2#), B minor (2#), E minor (1#), A minor (0), B minor (2#), E minor (1#), A minor (0), A minor (0), E minor (1#), B minor (2#), F# minor (3#), B minor (2#), B minor (2#), B minor (2#), E minor (1#), A minor (0), B minor (2#), E minor (1#), A minor (0), A minor (0), F# minor (3#), B minor (2#), B minor (2#), E minor (1#), E minor (1#), B minor (2#), B major (5#), E minor (1#), E major (4#), A minor (0), E major (4#), E minor (1#), E minor (1#), E minor (1#), B minor (2#), E minor (1#), E minor (1#), C# minor (4#), F# lydian (6#), C dorian (0), E minor (1#), A minor (0), A minor (0), E minor (1#), E minor (1#), E minor (1#), E minor (1#), E minor (1#), E minor (1#), E minor (1#), E minor (1#), A minor (0), E minor (1#), E minor (1#), E minor (1#), E minor (1#), E minor (1#), E minor (1#), E minor (1#), E minor (1#), E minor (1#), E major (4#), E minor (1#), A minor (0), D minor (1b), A minor (0), A minor (0), E minor (1#), E minor (1#), E minor (1#), E minor (1#), E minor (1#), B minor (2#), E minor (1#), E major (4#), A minor (0), A minor (0), A minor (0), A minor (0), E minor (1#), E minor (1#), B minor (2#), F# minor (3#), B minor (2#), F# minor (3#), F# major (6#), F# minor (3#), A minor (0), E major (4#), E minor (1#), E minor (1#), E minor (1#), E minor (1#), E minor (1#), E minor (1#), E minor (1#), E minor (1#), E minor (1#), A minor (0), A minor (0), E minor (1#), A minor (0), A minor (0), E minor (1#), E minor (1#), E minor (1#), E minor (1#), B minor (2#), B major (5#), E major (4#), A minor (0), A minor (0), A minor (0), A minor (0), A minor (0), E minor (1#), E minor (1#), E minor (1#), E minor (1#), E minor (1#), E minor (1#), E minor (1#), A minor (0), A minor (0), A minor (0), E minor (1#), E major (4#), E minor (1#), E minor (1#), E minor (1#), B minor (2#), B minor (2#), E minor (1#), A minor (0), E minor (1#), A minor (0), A minor (0), A minor (0), A minor (0), E minor (1#), E minor (1#), E minor (1#), E minor (1#), E minor (1#), E minor (1#), E minor (1#), E minor (1#), E minor (1#), A minor (0), A minor (0), A minor (0), E minor (1#), E minor (1#), E minor (1#), E minor (1#), B minor (2#), E minor (1#), E minor (1#), E minor (1#), A minor (0), E minor (1#), B minor (2#), E major (4#), E minor (1#), F# minor (3#), A minor (0), E minor (1#), E minor (1#), A minor (0), E minor (1#), B mixolydian (5#), E minor (1#), A minor (0), E minor (1#), E major (4#), E minor (1#), F# minor (3#), B minor (2#), E minor (1#), E minor (1#), E minor (1#), E minor (1#), C# minor (4#), Ab major (4b), Ab major (4b), B minor (2#), A minor (0), E minor (1#), E minor (1#), E minor (1#), E minor (1#), A minor (0), E minor (1#), E major (4#), E minor (1#), A minor (0), E minor (1#), E minor (1#), F# minor (3#), E minor (1#), E minor (1#), E minor (1#), E major (4#), A minor (0), E major (4#), C# minor (4#), F# minor (3#), E minor (1#), A minor (0), E minor (1#), E minor (1#), A minor (0), E minor (1#), E minor (1#), B minor (2#), E minor (1#), C# major (7#), F# major (6#), C# major (7#), Ab major (4b), Ab major (4b), B minor (2#), B minor (2#), E minor (1#), F# minor (3#), A minor (0), A minor (0), A minor (0), F minor (4b), Ab major (4b), Ab major (4b), Ab major (4b), Bb major (2b), A minor (0), A major (3#), E minor (1#), E minor (1#), E minor (1#), E minor (1#), E minor (1#), E minor (1#), E minor (1#), E major (4#), A minor (0), E major (4#), E minor (1#), B mixolydian (5#), E minor (1#), F# minor (3#), B minor (2#), E minor (1#), E minor (1#), A minor (0), E minor (1#), E major (4#), A minor (0), F# major (6#), E minor (1#), E minor (1#), E minor (1#), E minor (1#), A minor (0), E minor (1#), B minor (2#), F# minor (3#), F# major (6#), F# minor (3#), E minor (1#), B major (5#), B minor (2#), A minor (0), E minor (1#), E minor (1#), E minor (1#), E minor (1#), B minor (2#), B minor (2#), B minor (2#), F# minor (3#), Ab major (4b), Ab major (4b), B minor (2#), F# minor (3#), E minor (1#), F# minor (3#), B minor (2#), E minor (1#), E minor (1#), E minor (1#)
F minor mel (4b),  ,  ,  ,  ,  ,  ,  ,  ,  ,  ,  ,  ,  ,  ,  ,  ,  ,  ,  ,  ,  ,  ,  ,  ,  ,  ,  ,  ,  ,  ,  ,  ,  ,  ,  ,  ,  ,  ,  ,  ,  ,  ,  ,  ,  ,  ,  ,  ,  ,  ,  ,  ,  ,  ,  ,  ,  ,  ,  ,  ,  ,  ,  ,  ,  ,  ,  ,  ,  ,  ,  ,  ,  ,  ,  ,  ,  ,  ,  ,  ,  ,  ,  ,  ,  ,  ,  ,  ,  ,  ,  ,  ,  ,  ,  ,  ,  ,  ,  ,  ,  ,  ,  ,  ,  ,  ,  ,  ,  ,  ,  ,  ,  ,  ,  ,  ,  ,  ,  ,  ,  ,  ,  ,  ,  ,  ,  ,  ,  ,  ,  ,  ,  ,  ,  ,  ,  ,  ,  ,  ,  ,  ,  ,  ,  ,  ,  ,  ,  ,  ,  ,  ,  ,  ,  ,  ,  ,  ,  ,  ,  ,  ,  ,  ,  ,  ,  ,  ,  ,  ,  ,  ,  ,  ,  ,  ,  ,  ,  ,  ,  ,  ,  ,  ,  ,  ,  ,  ,  ,  ,  ,  ,  ,  ,  ,  ,  ,  ,  ,  ,  ,  ,  ,  ,  ,  ,  ,  ,  ,  ,  ,  ,  ,  ,  ,  ,  ,  ,  ,  ,  ,  ,  ,  ,  ,  ,  ,  ,  ,  ,  ,  ,  ,  ,  ,  ,  ,  ,  ,  ,  ,  ,  ,  ,  ,  ,  ,  ,  ,  ,  ,  ,  ,  ,  ,  ,  ,  ,  ,  ,  ,  ,  ,  ,  ,  ,  ,  ,  ,  ,  ,  ,  ,  ,  ,  ,  ,  ,  ,  ,  ,  ,  ,  ,  ,  ,  ,  ,  ,  ,  
C# minor mel (4#),  ,  ,  ,  ,  ,  ,  ,  ,  ,  ,  ,  ,  ,  ,  ,  ,  ,  ,  ,  ,  ,  ,  ,  ,  ,  ,  ,  ,  ,  ,  ,  ,  ,  ,  ,  ,  ,  ,  ,  ,  ,  ,  ,  ,  ,  ,  ,  ,  ,  ,  ,  ,  ,  ,  ,  ,  ,  ,  ,  ,  ,  ,  ,  ,  ,  ,  ,  ,  ,  ,  ,  ,  ,  ,  ,  ,  ,  ,  ,  ,  ,  ,  ,  ,  ,  ,  ,  ,  ,  ,  ,  ,  ,  ,  ,  ,  ,  ,  ,  ,  ,  ,  ,  ,  ,  ,  ,  ,  ,  ,  ,  ,  ,  ,  ,  ,  ,  ,  ,  ,  ,  ,  ,  ,  ,  ,  ,  ,  ,  ,  ,  ,  ,  ,  ,  ,  ,  ,  ,  ,  ,  ,  ,  ,  ,  ,  ,  ,  ,  ,  ,  ,  ,  ,  ,  ,  ,  ,  ,  ,  ,  ,  ,  ,  ,  ,  ,  ,  ,  ,  ,  ,  ,  ,  ,  ,  ,  ,  ,  ,  ,  ,  ,  ,  ,  ,  ,  ,  ,  ,  ,  ,  ,  ,  ,  ,  ,  ,  ,  ,  ,  ,  ,  ,  ,  ,  ,  ,  ,  ,  ,  ,  ,  ,  ,  ,  ,  ,  ,  ,  ,  ,  ,  ,  ,  ,  ,  ,  ,  ,  ,  ,  ,  ,  ,  ,  ,  ,  ,  ,  ,  ,  ,  ,  ,  ,  ,  ,  ,  ,  ,  ,  ,  ,  ,  ,  ,  ,  ,  ,  ,  ,  ,  ,  ,  ,  ,  ,  ,  ,  ,  ,  ,  ,  ,  ,  ,  ,  ,  ,  ,  ,  ,  ,  ,  ,  ,  ,  ,  ,  
Ab major blues (4b),  ,  ,  ,  ,  ,  ,  ,  ,  ,  ,  ,  ,  ,  ,  ,  ,  ,  ,  ,  ,  ,  ,  ,  ,  ,  ,  ,  ,  ,  ,  ,  ,  ,  ,  ,  ,  ,  ,  ,  ,  ,  ,  ,  ,  ,  ,  ,  ,  ,  ,  ,  ,  ,  ,  ,  ,  ,  ,  ,  ,  ,  ,  ,  ,  ,  ,  ,  ,  ,  ,  ,  ,  ,  ,  ,  ,  ,  ,  ,  ,  ,  ,  ,  ,  ,  ,  ,  ,  ,  ,  ,  ,  ,  ,  ,  ,  ,  ,  ,  ,  ,  ,  ,  ,  ,  ,  ,  ,  ,  ,  ,  ,  ,  ,  ,  ,  ,  ,  ,  ,  ,  ,  ,  ,  ,  ,  ,  ,  ,  ,  ,  ,  ,  ,  ,  ,  ,  ,  ,  ,  ,  ,  ,  ,  ,  ,  ,  ,  ,  ,  ,  ,  ,  ,  ,  ,  ,  ,  ,  ,  ,  ,  ,  ,  ,  ,  ,  ,  ,  ,  ,  ,  ,  ,  ,  ,  ,  ,  ,  ,  ,  ,  ,  ,  ,  ,  ,  ,  ,  ,  ,  ,  ,  ,  ,  ,  ,  ,  ,  ,  ,  ,  ,  ,  ,  ,  ,  ,  ,  ,  ,  ,  ,  ,  ,  ,  ,  ,  ,  ,  ,  ,  ,  ,  ,  ,  ,  ,  ,  ,  ,  ,  ,  ,  ,  ,  ,  ,  ,  ,  ,  ,  ,  ,  ,  ,  ,  ,  ,  ,  ,  ,  ,  ,  ,  ,  ,  ,  ,  ,  ,  ,  ,  ,  ,  ,  ,  ,  ,  ,  ,  ,  ,  ,  ,  ,  ,  ,  ,  ,  ,  ,  ,  ,  ,  ,  ,  ,  ,  ,  
E major blues (4#),  ,  ,  ,  ,  ,  ,  ,  ,  ,  ,  ,  ,  ,  ,  ,  ,  ,  ,  ,  ,  ,  ,  ,  ,  ,  ,  ,  ,  ,  ,  ,  ,  ,  ,  ,  ,  ,  ,  ,  ,  ,  ,  ,  ,  ,  ,  ,  ,  ,  ,  ,  ,  ,  ,  ,  ,  ,  ,  ,  ,  ,  ,  ,  ,  ,  ,  ,  ,  ,  ,  ,  ,  ,  ,  ,  ,  ,  ,  ,  ,  ,  ,  ,  ,  ,  ,  ,  ,  ,  ,  ,  ,  ,  ,  ,  ,  ,  ,  ,  ,  ,  ,  ,  ,  ,  ,  ,  ,  ,  ,  ,  ,  ,  ,  ,  ,  ,  ,  ,  ,  ,  ,  ,  ,  ,  ,  ,  ,  ,  ,  ,  ,  ,  ,  ,  ,  ,  ,  ,  ,  ,  ,  ,  ,  ,  ,  ,  ,  ,  ,  ,  ,  ,  ,  ,  ,  ,  ,  ,  ,  ,  ,  ,  ,  ,  ,  ,  ,  ,  ,  ,  ,  ,  ,  ,  ,  ,  ,  ,  ,  ,  ,  ,  ,  ,  ,  ,  ,  ,  ,  ,  ,  ,  ,  ,  ,  ,  ,  ,  ,  ,  ,  ,  ,  ,  ,  ,  ,  ,  ,  ,  ,  ,  ,  ,  ,  ,  ,  ,  ,  ,  ,  ,  ,  ,  ,  ,  ,  ,  ,  ,  ,  ,  ,  ,  ,  ,  ,  ,  ,  ,  ,  ,  ,  ,  ,  ,  ,  ,  ,  ,  ,  ,  ,  ,  ,  ,  ,  ,  ,  ,  ,  ,  ,  ,  ,  ,  ,  ,  ,  ,  ,  ,  ,  ,  ,  ,  ,  ,  ,  ,  ,  ,  ,  ,  ,  ,  ,  ,  ,  
F minor blues (4b),  ,  ,  ,  ,  ,  ,  ,  ,  ,  ,  ,  ,  ,  ,  ,  ,  ,  ,  ,  ,  ,  ,  ,  ,  ,  ,  ,  ,  ,  ,  ,  ,  ,  ,  ,  ,  ,  ,  ,  ,  ,  ,  ,  ,  ,  ,  ,  ,  ,  ,  ,  ,  ,  ,  ,  ,  ,  ,  ,  ,  ,  ,  ,  ,  ,  ,  ,  ,  ,  ,  ,  ,  ,  ,  ,  ,  ,  ,  ,  ,  ,  ,  ,  ,  ,  ,  ,  ,  ,  ,  ,  ,  ,  ,  ,  ,  ,  ,  ,  ,  ,  ,  ,  ,  ,  ,  ,  ,  ,  ,  ,  ,  ,  ,  ,  ,  ,  ,  ,  ,  ,  ,  ,  ,  ,  ,  ,  ,  ,  ,  ,  ,  ,  ,  ,  ,  ,  ,  ,  ,  ,  ,  ,  ,  ,  ,  ,  ,  ,  ,  ,  ,  ,  ,  ,  ,  ,  ,  ,  ,  ,  ,  ,  ,  ,  ,  ,  ,  ,  ,  ,  ,  ,  ,  ,  ,  ,  ,  ,  ,  ,  ,  ,  ,  ,  ,  ,  ,  ,  ,  ,  ,  ,  ,  ,  ,  ,  ,  ,  ,  ,  ,  ,  ,  ,  ,  ,  ,  ,  ,  ,  ,  ,  ,  ,  ,  ,  ,  ,  ,  ,  ,  ,  ,  ,  ,  ,  ,  ,  ,  ,  ,  ,  ,  ,  ,  ,  ,  ,  ,  ,  ,  ,  ,  ,  ,  ,  ,  ,  ,  ,  ,  ,  ,  ,  ,  ,  ,  ,  ,  ,  ,  ,  ,  ,  ,  ,  ,  ,  ,  ,  ,  ,  ,  ,  ,  ,  ,  ,  ,  ,  ,  ,  ,  ,  ,  ,  ,  ,  ,  
C# minor blues (4#),  ,  ,  ,  ,  ,  ,  ,  ,  ,  ,  ,  ,  ,  ,  ,  ,  ,  ,  ,  ,  ,  ,  ,  ,  ,  ,  ,  ,  ,  ,  ,  ,  ,  ,  ,  ,  ,  ,  ,  ,  ,  ,  ,  ,  ,  ,  ,  ,  ,  ,  ,  ,  ,  ,  ,  ,  ,  ,  ,  ,  ,  ,  ,  ,  ,  ,  ,  ,  ,  ,  ,  ,  ,  ,  ,  ,  ,  ,  ,  ,  ,  ,  ,  ,  ,  ,  ,  ,  ,  ,  ,  ,  ,  ,  ,  ,  ,  ,  ,  ,  ,  ,  ,  ,  ,  ,  ,  ,  ,  ,  ,  ,  ,  ,  ,  ,  ,  ,  ,  ,  ,  ,  ,  ,  ,  ,  ,  ,  ,  ,  ,  ,  ,  ,  ,  ,  ,  ,  ,  ,  ,  ,  ,  ,  ,  ,  ,  ,  ,  ,  ,  ,  ,  ,  ,  ,  ,  ,  ,  ,  ,  ,  ,  ,  ,  ,  ,  ,  ,  ,  ,  ,  ,  ,  ,  ,  ,  ,  ,  ,  ,  ,  ,  ,  ,  ,  ,  ,  ,  ,  ,  ,  ,  ,  ,  ,  ,  ,  ,  ,  ,  ,  ,  ,  ,  ,  ,  ,  ,  ,  ,  ,  ,  ,  ,  ,  ,  ,  ,  ,  ,  ,  ,  ,  ,  ,  ,  ,  ,  ,  ,  ,  ,  ,  ,  ,  ,  ,  ,  ,  ,  ,  ,  ,  ,  ,  ,  ,  ,  ,  ,  ,  ,  ,  ,  ,  ,  ,  ,  ,  ,  ,  ,  ,  ,  ,  ,  ,  ,  ,  ,  ,  ,  ,  ,  ,  ,  ,  ,  ,  ,  ,  ,  ,  ,  ,  ,  ,  ,  ,  
Ab dorian (4b),  ,  ,  ,  ,  ,  ,  ,  ,  ,  ,  ,  ,  ,  ,  ,  ,  ,  ,  ,  ,  ,  ,  ,  ,  ,  ,  ,  ,  ,  ,  ,  ,  ,  ,  ,  ,  ,  ,  ,  ,  ,  ,  ,  ,  ,  ,  ,  ,  ,  ,  ,  ,  ,  ,  ,  ,  ,  ,  ,  ,  ,  ,  ,  ,  ,  ,  ,  ,  ,  ,  ,  ,  ,  ,  ,  ,  ,  ,  ,  ,  ,  ,  ,  ,  ,  ,  ,  ,  ,  ,  ,  ,  ,  ,  ,  ,  ,  ,  ,  ,  ,  ,  ,  ,  ,  ,  ,  ,  ,  ,  ,  ,  ,  ,  ,  ,  ,  ,  ,  ,  ,  ,  ,  ,  ,  ,  ,  ,  ,  ,  ,  ,  ,  ,  ,  ,  ,  ,  ,  ,  ,  ,  ,  ,  ,  ,  ,  ,  ,  ,  ,  ,  ,  ,  ,  ,  ,  ,  ,  ,  ,  ,  ,  ,  ,  ,  ,  ,  ,  ,  ,  ,  ,  ,  ,  ,  ,  ,  ,  ,  ,  ,  ,  ,  ,  ,  ,  ,  ,  ,  ,  ,  ,  ,  ,  ,  ,  ,  ,  ,  ,  ,  ,  ,  ,  ,  ,  ,  ,  ,  ,  ,  ,  ,  ,  ,  ,  ,  ,  ,  ,  ,  ,  ,  ,  ,  ,  ,  ,  ,  ,  ,  ,  ,  ,  ,  ,  ,  ,  ,  ,  ,  ,  ,  ,  ,  ,  ,  ,  ,  ,  ,  ,  ,  ,  ,  ,  ,  ,  ,  ,  ,  ,  ,  ,  ,  ,  ,  ,  ,  ,  ,  ,  ,  ,  ,  ,  ,  ,  ,  ,  ,  ,  ,  ,  ,  ,  ,  ,  ,  
E dorian (4#),  ,  ,  ,  ,  ,  ,  ,  ,  ,  ,  ,  ,  ,  ,  ,  ,  ,  ,  ,  ,  ,  ,  ,  ,  ,  ,  ,  ,  ,  ,  ,  ,  ,  ,  ,  ,  ,  ,  ,  ,  ,  ,  ,  ,  ,  ,  ,  ,  ,  ,  ,  ,  ,  ,  ,  ,  ,  ,  ,  ,  ,  ,  ,  ,  ,  ,  ,  ,  ,  ,  ,  ,  ,  ,  ,  ,  ,  ,  ,  ,  ,  ,  ,  ,  ,  ,  ,  ,  ,  ,  ,  ,  ,  ,  ,  ,  ,  ,  ,  ,  ,  ,  ,  ,  ,  ,  ,  ,  ,  ,  ,  ,  ,  ,  ,  ,  ,  ,  ,  ,  ,  ,  ,  ,  ,  ,  ,  ,  ,  ,  ,  ,  ,  ,  ,  ,  ,  ,  ,  ,  ,  ,  ,  ,  ,  ,  ,  ,  ,  ,  ,  ,  ,  ,  ,  ,  ,  ,  ,  ,  ,  ,  ,  ,  ,  ,  ,  ,  ,  ,  ,  ,  ,  ,  ,  ,  ,  ,  ,  ,  ,  ,  ,  ,  ,  ,  ,  ,  ,  ,  ,  ,  ,  ,  ,  ,  ,  ,  ,  ,  ,  ,  ,  ,  ,  ,  ,  ,  ,  ,  ,  ,  ,  ,  ,  ,  ,  ,  ,  ,  ,  ,  ,  ,  ,  ,  ,  ,  ,  ,  ,  ,  ,  ,  ,  ,  ,  ,  ,  ,  ,  ,  ,  ,  ,  ,  ,  ,  ,  ,  ,  ,  ,  ,  ,  ,  ,  ,  ,  ,  ,  ,  ,  ,  ,  ,  ,  ,  ,  ,  ,  ,  ,  ,  ,  ,  ,  ,  ,  ,  ,  ,  ,  ,  ,  ,  ,  ,  ,  ,  
Ab phrygian (4b),  ,  ,  ,  ,  ,  ,  ,  ,  ,  ,  ,  ,  ,  ,  ,  ,  ,  ,  ,  ,  ,  ,  ,  ,  ,  ,  ,  ,  ,  ,  ,  ,  ,  ,  ,  ,  ,  ,  ,  ,  ,  ,  ,  ,  ,  ,  ,  ,  ,  ,  ,  ,  ,  ,  ,  ,  ,  ,  ,  ,  ,  ,  ,  ,  ,  ,  ,  ,  ,  ,  ,  ,  ,  ,  ,  ,  ,  ,  ,  ,  ,  ,  ,  ,  ,  ,  ,  ,  ,  ,  ,  ,  ,  ,  ,  ,  ,  ,  ,  ,  ,  ,  ,  ,  ,  ,  ,  ,  ,  ,  ,  ,  ,  ,  ,  ,  ,  ,  ,  ,  ,  ,  ,  ,  ,  ,  ,  ,  ,  ,  ,  ,  ,  ,  ,  ,  ,  ,  ,  ,  ,  ,  ,  ,  ,  ,  ,  ,  ,  ,  ,  ,  ,  ,  ,  ,  ,  ,  ,  ,  ,  ,  ,  ,  ,  ,  ,  ,  ,  ,  ,  ,  ,  ,  ,  ,  ,  ,  ,  ,  ,  ,  ,  ,  ,  ,  ,  ,  ,  ,  ,  ,  ,  ,  ,  ,  ,  ,  ,  ,  ,  ,  ,  ,  ,  ,  ,  ,  ,  ,  ,  ,  ,  ,  ,  ,  ,  ,  ,  ,  ,  ,  ,  ,  ,  ,  ,  ,  ,  ,  ,  ,  ,  ,  ,  ,  ,  ,  ,  ,  ,  ,  ,  ,  ,  ,  ,  ,  ,  ,  ,  ,  ,  ,  ,  ,  ,  ,  ,  ,  ,  ,  ,  ,  ,  ,  ,  ,  ,  ,  ,  ,  ,  ,  ,  ,  ,  ,  ,  ,  ,  ,  ,  ,  ,  ,  ,  ,  ,  ,  
E phrygian (4#),  ,  ,  ,  ,  ,  ,  ,  ,  ,  ,  ,  ,  ,  ,  ,  ,  ,  ,  ,  ,  ,  ,  ,  ,  ,  ,  ,  ,  ,  ,  ,  ,  ,  ,  ,  ,  ,  ,  ,  ,  ,  ,  ,  ,  ,  ,  ,  ,  ,  ,  ,  ,  ,  ,  ,  ,  ,  ,  ,  ,  ,  ,  ,  ,  ,  ,  ,  ,  ,  ,  ,  ,  ,  ,  ,  ,  ,  ,  ,  ,  ,  ,  ,  ,  ,  ,  ,  ,  ,  ,  ,  ,  ,  ,  ,  ,  ,  ,  ,  ,  ,  ,  ,  ,  ,  ,  ,  ,  ,  ,  ,  ,  ,  ,  ,  ,  ,  ,  ,  ,  ,  ,  ,  ,  ,  ,  ,  ,  ,  ,  ,  ,  ,  ,  ,  ,  ,  ,  ,  ,  ,  ,  ,  ,  ,  ,  ,  ,  ,  ,  ,  ,  ,  ,  ,  ,  ,  ,  ,  ,  ,  ,  ,  ,  ,  ,  ,  ,  ,  ,  ,  ,  ,  ,  ,  ,  ,  ,  ,  ,  ,  ,  ,  ,  ,  ,  ,  ,  ,  ,  ,  ,  ,  ,  ,  ,  ,  ,  ,  ,  ,  ,  ,  ,  ,  ,  ,  ,  ,  ,  ,  ,  ,  ,  ,  ,  ,  ,  ,  ,  ,  ,  ,  ,  ,  ,  ,  ,  ,  ,  ,  ,  ,  ,  ,  ,  ,  ,  ,  ,  ,  ,  ,  ,  ,  ,  ,  ,  ,  ,  ,  ,  ,  ,  ,  ,  ,  ,  ,  ,  ,  ,  ,  ,  ,  ,  ,  ,  ,  ,  ,  ,  ,  ,  ,  ,  ,  ,  ,  ,  ,  ,  ,  ,  ,  ,  ,  ,  ,  ,  
Ab lydian (4b),  ,  ,  ,  ,  ,  ,  ,  ,  ,  ,  ,  ,  ,  ,  ,  ,  ,  ,  ,  ,  ,  ,  ,  ,  ,  ,  ,  ,  ,  ,  ,  ,  ,  ,  ,  ,  ,  ,  ,  ,  ,  ,  ,  ,  ,  ,  ,  ,  ,  ,  ,  ,  ,  ,  ,  ,  ,  ,  ,  ,  ,  ,  ,  ,  ,  ,  ,  ,  ,  ,  ,  ,  ,  ,  ,  ,  ,  ,  ,  ,  ,  ,  ,  ,  ,  ,  ,  ,  ,  ,  ,  ,  ,  ,  ,  ,  ,  ,  ,  ,  ,  ,  ,  ,  ,  ,  ,  ,  ,  ,  ,  ,  ,  ,  ,  ,  ,  ,  ,  ,  ,  ,  ,  ,  ,  ,  ,  ,  ,  ,  ,  ,  ,  ,  ,  ,  ,  ,  ,  ,  ,  ,  ,  ,  ,  ,  ,  ,  ,  ,  ,  ,  ,  ,  ,  ,  ,  ,  ,  ,  ,  ,  ,  ,  ,  ,  ,  ,  ,  ,  ,  ,  ,  ,  ,  ,  ,  ,  ,  ,  ,  ,  ,  ,  ,  ,  ,  ,  ,  ,  ,  ,  ,  ,  ,  ,  ,  ,  ,  ,  ,  ,  ,  ,  ,  ,  ,  ,  ,  ,  ,  ,  ,  ,  ,  ,  ,  ,  ,  ,  ,  ,  ,  ,  ,  ,  ,  ,  ,  ,  ,  ,  ,  ,  ,  ,  ,  ,  ,  ,  ,  ,  ,  ,  ,  ,  ,  ,  ,  ,  ,  ,  ,  ,  ,  ,  ,  ,  ,  ,  ,  ,  ,  ,  ,  ,  ,  ,  ,  ,  ,  ,  ,  ,  ,  ,  ,  ,  ,  ,  ,  ,  ,  ,  ,  ,  ,  ,  ,  ,  
E lydian (4#),  ,  ,  ,  ,  ,  ,  ,  ,  ,  ,  ,  ,  ,  ,  ,  ,  ,  ,  ,  ,  ,  ,  ,  ,  ,  ,  ,  ,  ,  ,  ,  ,  ,  ,  ,  ,  ,  ,  ,  ,  ,  ,  ,  ,  ,  ,  ,  ,  ,  ,  ,  ,  ,  ,  ,  ,  ,  ,  ,  ,  ,  ,  ,  ,  ,  ,  ,  ,  ,  ,  ,  ,  ,  ,  ,  ,  ,  ,  ,  ,  ,  ,  ,  ,  ,  ,  ,  ,  ,  ,  ,  ,  ,  ,  ,  ,  ,  ,  ,  ,  ,  ,  ,  ,  ,  ,  ,  ,  ,  ,  ,  ,  ,  ,  ,  ,  ,  ,  ,  ,  ,  ,  ,  ,  ,  ,  ,  ,  ,  ,  ,  ,  ,  ,  ,  ,  ,  ,  ,  ,  ,  ,  ,  ,  ,  ,  ,  ,  ,  ,  ,  ,  ,  ,  ,  ,  ,  ,  ,  ,  ,  ,  ,  ,  ,  ,  ,  ,  ,  ,  ,  ,  ,  ,  ,  ,  ,  ,  ,  ,  ,  ,  ,  ,  ,  ,  ,  ,  ,  ,  ,  ,  ,  ,  ,  ,  ,  ,  ,  ,  ,  ,  ,  ,  ,  ,  ,  ,  ,  ,  ,  ,  ,  ,  ,  ,  ,  ,  ,  ,  ,  ,  ,  ,  ,  ,  ,  ,  ,  ,  ,  ,  ,  ,  ,  ,  ,  ,  ,  ,  ,  ,  ,  ,  ,  ,  ,  ,  ,  ,  ,  ,  ,  ,  ,  ,  ,  ,  ,  ,  ,  ,  ,  ,  ,  ,  ,  ,  ,  ,  ,  ,  ,  ,  ,  ,  ,  ,  ,  ,  ,  ,  ,  ,  ,  ,  ,  ,  ,  ,  
Ab mixolydian (4b),  ,  ,  ,  ,  ,  ,  ,  ,  ,  ,  ,  ,  ,  ,  ,  ,  ,  ,  ,  ,  ,  ,  ,  ,  ,  ,  ,  ,  ,  ,  ,  ,  ,  ,  ,  ,  ,  ,  ,  ,  ,  ,  ,  ,  ,  ,  ,  ,  ,  ,  ,  ,  ,  ,  ,  ,  ,  ,  ,  ,  ,  ,  ,  ,  ,  ,  ,  ,  ,  ,  ,  ,  ,  ,  ,  ,  ,  ,  ,  ,  ,  ,  ,  ,  ,  ,  ,  ,  ,  ,  ,  ,  ,  ,  ,  ,  ,  ,  ,  ,  ,  ,  ,  ,  ,  ,  ,  ,  ,  ,  ,  ,  ,  ,  ,  ,  ,  ,  ,  ,  ,  ,  ,  ,  ,  ,  ,  ,  ,  ,  ,  ,  ,  ,  ,  ,  ,  ,  ,  ,  ,  ,  ,  ,  ,  ,  ,  ,  ,  ,  ,  ,  ,  ,  ,  ,  ,  ,  ,  ,  ,  ,  ,  ,  ,  ,  ,  ,  ,  ,  ,  ,  ,  ,  ,  ,  ,  ,  ,  ,  ,  ,  ,  ,  ,  ,  ,  ,  ,  ,  ,  ,  ,  ,  ,  ,  ,  ,  ,  ,  ,  ,  ,  ,  ,  ,  ,  ,  ,  ,  ,  ,  ,  ,  ,  ,  ,  ,  ,  ,  ,  ,  ,  ,  ,  ,  ,  ,  ,  ,  ,  ,  ,  ,  ,  ,  ,  ,  ,  ,  ,  ,  ,  ,  ,  ,  ,  ,  ,  ,  ,  ,  ,  ,  ,  ,  ,  ,  ,  ,  ,  ,  ,  ,  ,  ,  ,  ,  ,  ,  ,  ,  ,  ,  ,  ,  ,  ,  ,  ,  ,  ,  ,  ,  ,  ,  ,  ,  ,  ,  
E mixolydian (4#),  ,  ,  ,  ,  ,  ,  ,  ,  ,  ,  ,  ,  ,  ,  ,  ,  ,  ,  ,  ,  ,  ,  ,  ,  ,  ,  ,  ,  ,  ,  ,  ,  ,  ,  ,  ,  ,  ,  ,  ,  ,  ,  ,  ,  ,  ,  ,  ,  ,  ,  ,  ,  ,  ,  ,  ,  ,  ,  ,  ,  ,  ,  ,  ,  ,  ,  ,  ,  ,  ,  ,  ,  ,  ,  ,  ,  ,  ,  ,  ,  ,  ,  ,  ,  ,  ,  ,  ,  ,  ,  ,  ,  ,  ,  ,  ,  ,  ,  ,  ,  ,  ,  ,  ,  ,  ,  ,  ,  ,  ,  ,  ,  ,  ,  ,  ,  ,  ,  ,  ,  ,  ,  ,  ,  ,  ,  ,  ,  ,  ,  ,  ,  ,  ,  ,  ,  ,  ,  ,  ,  ,  ,  ,  ,  ,  ,  ,  ,  ,  ,  ,  ,  ,  ,  ,  ,  ,  ,  ,  ,  ,  ,  ,  ,  ,  ,  ,  ,  ,  ,  ,  ,  ,  ,  ,  ,  ,  ,  ,  ,  ,  ,  ,  ,  ,  ,  ,  ,  ,  ,  ,  ,  ,  ,  ,  ,  ,  ,  ,  ,  ,  ,  ,  ,  ,  ,  ,  ,  ,  ,  ,  ,  ,  ,  ,  ,  ,  ,  ,  ,  ,  ,  ,  ,  ,  ,  ,  ,  ,  ,  ,  ,  ,  ,  ,  ,  ,  ,  ,  ,  ,  ,  ,  ,  ,  ,  ,  ,  ,  ,  ,  ,  ,  ,  ,  ,  ,  ,  ,  ,  ,  ,  ,  ,  ,  ,  ,  ,  ,  ,  ,  ,  ,  ,  ,  ,  ,  ,  ,  ,  ,  ,  ,  ,  ,  ,  ,  ,  ,  ,  
Ab aeolian (4b),  ,  ,  ,  ,  ,  ,  ,  ,  ,  ,  ,  ,  ,  ,  ,  ,  ,  ,  ,  ,  ,  ,  ,  ,  ,  ,  ,  ,  ,  ,  ,  ,  ,  ,  ,  ,  ,  ,  ,  ,  ,  ,  ,  ,  ,  ,  ,  ,  ,  ,  ,  ,  ,  ,  ,  ,  ,  ,  ,  ,  ,  ,  ,  ,  ,  ,  ,  ,  ,  ,  ,  ,  ,  ,  ,  ,  ,  ,  ,  ,  ,  ,  ,  ,  ,  ,  ,  ,  ,  ,  ,  ,  ,  ,  ,  ,  ,  ,  ,  ,  ,  ,  ,  ,  ,  ,  ,  ,  ,  ,  ,  ,  ,  ,  ,  ,  ,  ,  ,  ,  ,  ,  ,  ,  ,  ,  ,  ,  ,  ,  ,  ,  ,  ,  ,  ,  ,  ,  ,  ,  ,  ,  ,  ,  ,  ,  ,  ,  ,  ,  ,  ,  ,  ,  ,  ,  ,  ,  ,  ,  ,  ,  ,  ,  ,  ,  ,  ,  ,  ,  ,  ,  ,  ,  ,  ,  ,  ,  ,  ,  ,  ,  ,  ,  ,  ,  ,  ,  ,  ,  ,  ,  ,  ,  ,  ,  ,  ,  ,  ,  ,  ,  ,  ,  ,  ,  ,  ,  ,  ,  ,  ,  ,  ,  ,  ,  ,  ,  ,  ,  ,  ,  ,  ,  ,  ,  ,  ,  ,  ,  ,  ,  ,  ,  ,  ,  ,  ,  ,  ,  ,  ,  ,  ,  ,  ,  ,  ,  ,  ,  ,  ,  ,  ,  ,  ,  ,  ,  ,  ,  ,  ,  ,  ,  ,  ,  ,  ,  ,  ,  ,  ,  ,  ,  ,  ,  ,  ,  ,  ,  ,  ,  ,  ,  ,  ,  ,  ,  ,  ,  
E aeolian (4#),  ,  ,  ,  ,  ,  ,  ,  ,  ,  ,  ,  ,  ,  ,  ,  ,  ,  ,  ,  ,  ,  ,  ,  ,  ,  ,  ,  ,  ,  ,  ,  ,  ,  ,  ,  ,  ,  ,  ,  ,  ,  ,  ,  ,  ,  ,  ,  ,  ,  ,  ,  ,  ,  ,  ,  ,  ,  ,  ,  ,  ,  ,  ,  ,  ,  ,  ,  ,  ,  ,  ,  ,  ,  ,  ,  ,  ,  ,  ,  ,  ,  ,  ,  ,  ,  ,  ,  ,  ,  ,  ,  ,  ,  ,  ,  ,  ,  ,  ,  ,  ,  ,  ,  ,  ,  ,  ,  ,  ,  ,  ,  ,  ,  ,  ,  ,  ,  ,  ,  ,  ,  ,  ,  ,  ,  ,  ,  ,  ,  ,  ,  ,  ,  ,  ,  ,  ,  ,  ,  ,  ,  ,  ,  ,  ,  ,  ,  ,  ,  ,  ,  ,  ,  ,  ,  ,  ,  ,  ,  ,  ,  ,  ,  ,  ,  ,  ,  ,  ,  ,  ,  ,  ,  ,  ,  ,  ,  ,  ,  ,  ,  ,  ,  ,  ,  ,  ,  ,  ,  ,  ,  ,  ,  ,  ,  ,  ,  ,  ,  ,  ,  ,  ,  ,  ,  ,  ,  ,  ,  ,  ,  ,  ,  ,  ,  ,  ,  ,  ,  ,  ,  ,  ,  ,  ,  ,  ,  ,  ,  ,  ,  ,  ,  ,  ,  ,  ,  ,  ,  ,  ,  ,  ,  ,  ,  ,  ,  ,  ,  ,  ,  ,  ,  ,  ,  ,  ,  ,  ,  ,  ,  ,  ,  ,  ,  ,  ,  ,  ,  ,  ,  ,  ,  ,  ,  ,  ,  ,  ,  ,  ,  ,  ,  ,  ,  ,  ,  ,  ,  ,  
Ab locrian (4b),  ,  ,  ,  ,  ,  ,  ,  ,  ,  ,  ,  ,  ,  ,  ,  ,  ,  ,  ,  ,  ,  ,  ,  ,  ,  ,  ,  ,  ,  ,  ,  ,  ,  ,  ,  ,  ,  ,  ,  ,  ,  ,  ,  ,  ,  ,  ,  ,  ,  ,  ,  ,  ,  ,  ,  ,  ,  ,  ,  ,  ,  ,  ,  ,  ,  ,  ,  ,  ,  ,  ,  ,  ,  ,  ,  ,  ,  ,  ,  ,  ,  ,  ,  ,  ,  ,  ,  ,  ,  ,  ,  ,  ,  ,  ,  ,  ,  ,  ,  ,  ,  ,  ,  ,  ,  ,  ,  ,  ,  ,  ,  ,  ,  ,  ,  ,  ,  ,  ,  ,  ,  ,  ,  ,  ,  ,  ,  ,  ,  ,  ,  ,  ,  ,  ,  ,  ,  ,  ,  ,  ,  ,  ,  ,  ,  ,  ,  ,  ,  ,  ,  ,  ,  ,  ,  ,  ,  ,  ,  ,  ,  ,  ,  ,  ,  ,  ,  ,  ,  ,  ,  ,  ,  ,  ,  ,  ,  ,  ,  ,  ,  ,  ,  ,  ,  ,  ,  ,  ,  ,  ,  ,  ,  ,  ,  ,  ,  ,  ,  ,  ,  ,  ,  ,  ,  ,  ,  ,  ,  ,  ,  ,  ,  ,  ,  ,  ,  ,  ,  ,  ,  ,  ,  ,  ,  ,  ,  ,  ,  ,  ,  ,  ,  ,  ,  ,  ,  ,  ,  ,  ,  ,  ,  ,  ,  ,  ,  ,  ,  ,  ,  ,  ,  ,  ,  ,  ,  ,  ,  ,  ,  ,  ,  ,  ,  ,  ,  ,  ,  ,  ,  ,  ,  ,  ,  ,  ,  ,  ,  ,  ,  ,  ,  ,  ,  ,  ,  ,  ,  ,  
E locrian (4#),  ,  ,  ,  ,  ,  ,  ,  ,  ,  ,  ,  ,  ,  ,  ,  ,  ,  ,  ,  ,  ,  ,  ,  ,  ,  ,  ,  ,  ,  ,  ,  ,  ,  ,  ,  ,  ,  ,  ,  ,  ,  ,  ,  ,  ,  ,  ,  ,  ,  ,  ,  ,  ,  ,  ,  ,  ,  ,  ,  ,  ,  ,  ,  ,  ,  ,  ,  ,  ,  ,  ,  ,  ,  ,  ,  ,  ,  ,  ,  ,  ,  ,  ,  ,  ,  ,  ,  ,  ,  ,  ,  ,  ,  ,  ,  ,  ,  ,  ,  ,  ,  ,  ,  ,  ,  ,  ,  ,  ,  ,  ,  ,  ,  ,  ,  ,  ,  ,  ,  ,  ,  ,  ,  ,  ,  ,  ,  ,  ,  ,  ,  ,  ,  ,  ,  ,  ,  ,  ,  ,  ,  ,  ,  ,  ,  ,  ,  ,  ,  ,  ,  ,  ,  ,  ,  ,  ,  ,  ,  ,  ,  ,  ,  ,  ,  ,  ,  ,  ,  ,  ,  ,  ,  ,  ,  ,  ,  ,  ,  ,  ,  ,  ,  ,  ,  ,  ,  ,  ,  ,  ,  ,  ,  ,  ,  ,  ,  ,  ,  ,  ,  ,  ,  ,  ,  ,  ,  ,  ,  ,  ,  ,  ,  ,  ,  ,  ,  ,  ,  ,  ,  ,  ,  ,  ,  ,  ,  ,  ,  ,  ,  ,  ,  ,  ,  ,  ,  ,  ,  ,  ,  ,  ,  ,  ,  ,  ,  ,  ,  ,  ,  ,  ,  ,  ,  ,  ,  ,  ,  ,  ,  ,  ,  ,  ,  ,  ,  ,  ,  ,  ,  ,  ,  ,  ,  ,  ,  ,  ,  ,  ,  ,  ,  ,  ,  ,  ,  ,  ,  ,  
Db major (5b), Bb major (2b), F major (1b), Bb major (2b), Bb major (2b), Bb major (2b), Bb major (2b), Bb major (2b), F major (1b), Bb major (2b), Bb major (2b), Bb major (2b), F major (1b), Bb major (2b), F major (1b), Bb major (2b), Bb major (2b), Bb major (2b), Bb major (2b), Bb major (2b), F major (1b), Bb major (2b), F major (1b), A major (3#), F major (1b), F major (1b), F major (1b), Bb major (2b), F mixolydian (1b), Ab phrygian (4b), Bb major (2b), C# minor (4#), Bb major (2b), Db major (5b), C# minor (4#), E minor (1#), E minor (1#), B minor (2#), E minor (1#), E minor (1#), C# minor (4#), Ab major (4b), F major (1b), F major (1b), A minor (0), F# minor (3#), E minor (1#), E minor (1#), E minor (1#), Bb major (2b), F major (1b), F major (1b), Bb major (2b), F major (1b), Bb major (2b), Bb major (2b), F major (1b), Bb major (2b), F major (1b), Bb major (2b), F major (1b), Bb major (2b), F major (1b), F major (1b), Ab minor (7b), Eb major (3b), Bb major (2b), Bb major (2b), F major (1b), Bb major (2b), E minor (1#), E minor (1#), E minor (1#), E minor (1#), E minor (1#), B minor (2#), E minor (1#), C# minor (4#), Bb major (2b), F major (1b), F major (1b), F minor (4b), F major (1b), E minor (1#), B minor (2#), F# minor (3#), D dorian (2#), A dorian (3#), F# lydian (6#), Ab mixolydian (4b), Ab mixolydian (4b), C# minor (4#), E minor (1#), E minor (1#), E minor (1#), E minor (1#), E minor (1#), E minor (1#), E minor (1#), E minor (1#), E minor (1#), Bb major (2b), Bb major (2b), Bb major (2b), F major (1b), F major (1b), F major (1b), Bb major (2b), F major (1b), Ab major (4b), B minor (2#), G# minor (5#), C# minor (4#), Bb major (2b), Bb major (2b), F major (1b), Bb major (2b), F major (1b), F major (1b), Bb major (2b), F mixolydian (1b), F mixolydian (1b), F mixolydian (1b), F mixolydian (1b), F mixolydian (1b), Bb minor (5b), Bb major (2b), Bb major (2b), E minor (1#), E major (4#), E minor (1#), E minor (1#), E minor (1#), E major (4#), E minor (1#), E minor (1#), Bb major (2b), Bb major (2b), Bb major (2b), Bb major (2b), Eb major (3b), Bb major (2b), E minor (1#), E minor (1#), E minor (1#), E minor (1#), E minor (1#), E minor (1#), E minor (1#), E minor (1#), F major (1b), Bb major (2b), F major (1b), F major (1b), E minor (1#), E minor (1#), E minor (1#), E minor (1#), B minor (2#), E minor (1#), E minor (1#), E minor (1#), G minor (2b), E minor (1#), B minor (2#), C# minor (4#), E minor (1#), F# minor (3#), Eb major (3b), Ab major (4b), Eb mixolydian (3b), F mixolydian (1b), F mixolydian (1b), Ab phrygian (4b), F mixolydian (1b), Bb major (2b), E minor (1#), E major (4#), E minor (1#), F# minor (3#), Eb major (3b), F# minor (3#), E minor (1#), Bb major (2b), F major (1b), Bb major (2b), F major (1b), F minor (4b), F major (1b), Bb major (2b), E minor (1#), E minor (1#), E minor (1#), E minor (1#), E minor (1#), E minor (1#), E major (4#), E minor (1#), Bb major (2b), Bb major (2b), F major (1b), F major (1b), F major (1b), Bb major (2b), F major (1b), F major (1b), Bb major (2b), Bb major (2b), C# minor (4#), Eb mixolydian (3b), F mixolydian (1b), Bb major (2b), E minor (1#), E minor (1#), A minor (0), E minor (1#), E minor (1#), B minor (2#), E minor (1#), C# major (7#), F# major (6#), C# major (7#), Ab major (4b), Ab major (4b), B minor (2#), B minor (2#), E minor (1#), F# minor (3#), Eb major (3b), Eb major (3b), Eb major (3b), Ab major (4b), Ab major (4b), Ab major (4b), Ab major (4b), Bb major (2b), Eb major (3b), F# minor (3#), E minor (1#), E minor (1#), E minor (1#), E minor (1#), E minor (1#), E minor (1#), E minor (1#), C# minor (4#), Ab mixolydian (4b), C# minor (4#), B minor (2#), G# minor (5#), F major (1b), Bb major (2b), F mixolydian (1b), F mixolydian (1b), F mixolydian (1b), F mixolydian (1b), Eb mixolydian (3b), Cb phrygian (7b), F mixolydian (1b), Bb major (2b), E minor (1#), E minor (1#), E minor (1#), E minor (1#), G minor (2b), E minor (1#), B minor (2#), C# minor (4#), C# minor (4#), C# minor (4#), E minor (1#), B major (5#), B minor (2#), F# major (6#), E minor (1#), E minor (1#), E minor (1#), E minor (1#), Bb major (2b), Bb major (2b), Bb major (2b), F major (1b), Bb major (2b), Ab major (4b), B minor (2#), F# minor (3#), E minor (1#), F# minor (3#), B minor (2#), E minor (1#), E minor (1#), E minor (1#)
B major (5#), B minor (2#), B minor (2#), B minor (2#), B minor (2#), B minor (2#), D minor (1b), B minor (2#), B minor (2#), D minor (1b), D minor (1b), E minor (1#), B minor (2#), B minor (2#), B minor (2#), B minor (2#), B minor (2#), B minor (2#), D minor (1b), B minor (2#), B minor (2#), D minor (1b), D minor (1b), A major (3#), B minor (2#), B minor (2#), E minor (1#), B minor (2#), B minor (2#), B major (5#), G dorian (1#), E lydian (4#), C dorian (0), E major (4#), E minor (1#), E minor (1#), B minor (2#), B minor (2#), G dorian (1#), G dorian (1#), E lydian (4#), F# major (6#), A minor (0), E minor (1#), A minor (0), A minor (0), E minor (1#), E minor (1#), E minor (1#), E minor (1#), B minor (2#), B minor (2#), B minor (2#), B minor (2#), D minor (1b), B minor (2#), B minor (2#), E minor (1#), E minor (1#), E minor (1#), B minor (2#), E minor (1#), B minor (2#), E minor (1#), B minor (2#), B minor (2#), D minor (1b), D minor (1b), A minor (0), A minor (0), E minor (1#), E minor (1#), E minor (1#), B minor (2#), E minor (1#), B minor (2#), E minor (1#), A major (3#), D minor (1b), D minor (1b), A minor (0), A minor (0), E minor (1#), E minor (1#), B minor (2#), B minor (2#), B minor (2#), F# minor (3#), F# major (6#), A major (3#), D minor (1b), D minor (1b), B minor (2#), B minor (2#), E minor (1#), E minor (1#), E minor (1#), E minor (1#), B minor (2#), E minor (1#), B minor (2#), D minor (1b), D minor (1b), D major (2#), A minor (0), A minor (0), E minor (1#), E minor (1#), E minor (1#), B minor (2#), B minor (2#), B major (5#), E major (4#), A minor (0), D minor (1b), D minor (1b), A minor (0), A minor (0), E minor (1#), E minor (1#), B minor (2#), B minor (2#), B minor (2#), E minor (1#), E minor (1#), A minor (0), D minor (1b), D minor (1b), D major (2#), E major (4#), E minor (1#), E minor (1#), E minor (1#), B minor (2#), B minor (2#), B minor (2#), D minor (1b), D major (2#), D minor (1b), D minor (1b), A minor (0), D minor (1b), E minor (1#), E minor (1#), B minor (2#), B minor (2#), E minor (1#), B minor (2#), B minor (2#), B minor (2#), E minor (1#), A minor (0), A minor (0), A minor (0), E minor (1#), E minor (1#), B minor (2#), B minor (2#), B minor (2#), E minor (1#), E minor (1#), A minor (0), D minor (1b), E minor (1#), B minor (2#), E major (4#), E minor (1#), A major (3#), A minor (0), B minor (2#), B minor (2#), A minor (0), E minor (1#), B major (5#), D minor (1b), D minor (1b), E minor (1#), E major (4#), E minor (1#), F# minor (3#), B minor (2#), E minor (1#), E minor (1#), E minor (1#), C dorian (0), E lydian (4#), C dorian (0), B major (5#), B minor (2#), A minor (0), E minor (1#), E minor (1#), B minor (2#), B minor (2#), B minor (2#), E minor (1#), E major (4#), E minor (1#), D minor (1b), B minor (2#), E minor (1#), A lydian (3#), G dorian (1#), G dorian (1#), G dorian (1#), E lydian (4#), C dorian (0), E major (4#), E major (4#), A major (3#), D minor (1b), D minor (1b), B minor (2#), B minor (2#), A minor (0), E minor (1#), B minor (2#), B minor (2#), E minor (1#), C# major (7#), F# major (6#), F# major (6#), Ab major (4b), Ab major (4b), B minor (2#), B minor (2#), E minor (1#), A major (3#), A minor (0), A minor (0), D minor (1b), F minor (4b), Ab major (4b), Ab major (4b), D minor (1b), A minor (0), A minor (0), A major (3#), E minor (1#), E minor (1#), B minor (2#), B minor (2#), B minor (2#), G dorian (1#), G dorian (1#), E lydian (4#), C dorian (0), E lydian (4#), B minor (2#), B major (5#), E minor (1#), F# minor (3#), B minor (2#), E minor (1#), B minor (2#), B minor (2#), B minor (2#), E major (4#), A minor (0), F# major (6#), E minor (1#), E minor (1#), E minor (1#), E minor (1#), A minor (0), E minor (1#), B minor (2#), B major (5#), F# mixolydian (6#), B minor (2#), E minor (1#), B major (5#), B minor (2#), F# major (6#), E minor (1#), E minor (1#), B minor (2#), E minor (1#), B minor (2#), B minor (2#), B minor (2#), A minor (0), D minor (1b), D minor (1b), B minor (2#), A phrygian (3#), E minor (1#), F# minor (3#), B minor (2#), E minor (1#), B minor (2#), B minor (2#)
Bb minor (5b), Bb major (2b), F major (1b), Bb major (2b), Bb major (2b), Bb major (2b), F major (1b), Bb major (2b), F major (1b), Bb major (2b), F major (1b), G major (1#), F major (1b), Bb major (2b), F major (1b), Bb major (2b), Bb major (2b), Bb major (2b), F major (1b), Bb major (2b), F major (1b), Bb major (2b), F major (1b), G major (1#), F major (1b), F major (1b), F major (1b), Bb major (2b), F major (1b), F minor (4b), F major (1b), C# minor (4#), Bb major (2b), Bb major (2b), C major (0), G major (1#), C major (0), C major (0), C major (0), G major (1#), F major (1b), F minor (4b), F major (1b), F major (1b), F major (1b), F major (1b), C major (0), G major (1#), C major (0), F major (1b), F major (1b), F major (1b), Bb major (2b), F major (1b), F major (1b), Bb major (2b), F major (1b), Bb major (2b), F major (1b), Bb major (2b), F major (1b), Bb major (2b), F major (1b), F major (1b), Ab minor (7b), Eb major (3b), F major (1b), Bb major (2b), F major (1b), Bb major (2b), F major (1b), G major (1#), F major (1b), Bb major (2b), F major (1b), G major (1#), G minor (2b), G major (1#), F major (1b), F major (1b), C mixolydian (0), F minor (4b), F major (1b), G major (1#), C major (0), F major (1b), C major (0), A major (3#), C major (0), F minor (4b), F major (1b), F major (1b), F major (1b), F major (1b), C major (0), G major (1#), C major (0), C major (0), F major (1b), F major (1b), F major (1b), Bb major (2b), F major (1b), Bb major (2b), F major (1b), F major (1b), C mixolydian (0), Bb major (2b), F major (1b), Bb major (2b), F major (1b), F major (1b), C major (0), F major (1b), F major (1b), F major (1b), F major (1b), F major (1b), F major (1b), Bb major (2b), F major (1b), F major (1b), F major (1b), C major (0), F major (1b), Bb major (2b), F major (1b), F major (1b), F major (1b), F major (1b), F major (1b), Bb major (2b), F major (1b), F major (1b), C major (0), G major (1#), F major (1b), Bb major (2b), F major (1b), F major (1b), F major (1b), F major (1b), C major (0), G major (1#), F major (1b), F major (1b), C major (0), F major (1b), F major (1b), F major (1b), F major (1b), Bb major (2b), F major (1b), F major (1b), C major (0), G major (1#), C major (0), G major (1#), C major (0), G major (1#), G major (1#), C major (0), F major (1b), G major (1#), C major (0), Bb major (2b), F major (1b), G major (1#), Bb major (2b), Bb major (2b), C major (0), F major (1b), F major (1b), F minor (4b), F major (1b), F major (1b), F major (1b), Ab minor (7b), F major (1b), Bb major (2b), Bb major (2b), G major (1#), F major (1b), Bb major (2b), F major (1b), Bb major (2b), F major (1b), F minor (4b), F major (1b), Bb major (2b), F major (1b), G major (1#), F major (1b), F major (1b), F major (1b), F major (1b), D major (2#), F major (1b), F major (1b), Bb major (2b), F major (1b), C major (0), F major (1b), Bb major (2b), F major (1b), F major (1b), Bb major (2b), Bb major (2b), F mixolydian (1b), Eb lydian (3b), F major (1b), Bb major (2b), F major (1b), G major (1#), F major (1b), G major (1#), C major (0), G major (1#), C major (0), C major (0), Eb minor (6b), Bb minor (5b), F major (1b), F major (1b), C major (0), G major (1#), F major (1b), F major (1b), Eb major (3b), Bb major (2b), F major (1b), F minor (4b), F minor (4b), F minor (4b), F major (1b), Bb major (2b), F major (1b), C major (0), F major (1b), G major (1#), F major (1b), F major (1b), C major (0), G major (1#), G major (1#), Bb major (2b), F major (1b), Bb major (2b), C mixolydian (0), Bb major (2b), F major (1b), Bb major (2b), F major (1b), C major (0), F major (1b), F major (1b), Bb major (2b), Bb major (2b), F major (1b), Bb major (2b), F major (1b), F major (1b), G major (1#), G major (1#), G minor (2b), G major (1#), C major (0), Eb minor (6b), Eb minor (6b), C major (0), F major (1b), F major (1b), C major (0), C major (0), C major (0), G major (1#), C major (0), G major (1#), F major (1b), F major (1b), F major (1b), F major (1b), F major (1b), F major (1b), C major (0), C major (0), G major (1#), G major (1#), C major (0), C major (0), G major (1#), Bb major (2b)
G# minor (5#), B minor (2#), B minor (2#), B minor (2#), B minor (2#), B minor (2#), E minor (1#), B minor (2#), B minor (2#), F major (1b), F major (1b), B minor (2#), B minor (2#), B minor (2#), B minor (2#), B minor (2#), B minor (2#), B minor (2#), E minor (1#), B minor (2#), B minor (2#), F major (1b), F major (1b), A major (3#), B minor (2#), B minor (2#), E minor (1#), B minor (2#), B minor (2#), B major (5#), E minor (1#), E major (4#), E minor (1#), C# minor (4#), C# minor (4#), E minor (1#), B minor (2#), B minor (2#), E minor (1#), E minor (1#), C# minor (4#), D# minor (6#), F major (1b), B minor (2#), B minor (2#), F# minor (3#), E minor (1#), E minor (1#), E minor (1#), E minor (1#), B minor (2#), B minor (2#), B minor (2#), G# minor (5#), Ab major (4b), Ab major (4b), B minor (2#), E minor (1#), B minor (2#), E minor (1#), B minor (2#), B minor (2#), B minor (2#), E minor (1#), B minor (2#), B minor (2#), F major (1b), F minor (4b), F major (1b), F major (1b), F major (1b), B minor (2#), E minor (1#), B minor (2#), E minor (1#), B minor (2#), B minor (2#), C# minor (4#), Ab major (4b), Ab major (4b), F major (1b), F minor (4b), F major (1b), E minor (1#), B minor (2#), B minor (2#), B minor (2#), F# minor (3#), D# minor (6#), G# minor (5#), Ab major (4b), C# minor (4#), B minor (2#), B minor (2#), E minor (1#), B minor (2#), E minor (1#), E minor (1#), B minor (2#), E minor (1#), B minor (2#), F major (1b), F major (1b), Ab major (4b), Eb major (3b), F# minor (3#), E minor (1#), E minor (1#), E minor (1#), B minor (2#), B minor (2#), B major (5#), G# minor (5#), F major (1b), F major (1b), F major (1b), A minor (0), F# minor (3#), E minor (1#), E minor (1#), B minor (2#), B minor (2#), B minor (2#), E minor (1#), B minor (2#), Ab major (4b), F major (1b), F major (1b), B minor (2#), F# minor (3#), B minor (2#), E minor (1#), E minor (1#), B minor (2#), B minor (2#), B minor (2#), F major (1b), F minor (4b), F major (1b), F major (1b), F major (1b), F major (1b), E minor (1#), E minor (1#), B minor (2#), B minor (2#), B minor (2#), B minor (2#), B minor (2#), B minor (2#), F major (1b), Bb major (2b), F major (1b), F major (1b), E minor (1#), B minor (2#), B minor (2#), B minor (2#), B minor (2#), E minor (1#), B minor (2#), F major (1b), F major (1b), E minor (1#), B minor (2#), C# minor (4#), E minor (1#), F# minor (3#), A minor (0), B minor (2#), B minor (2#), G dorian (1#), G dorian (1#), G# minor (5#), F major (1b), F major (1b), E minor (1#), E major (4#), E minor (1#), F# minor (3#), B minor (2#), E minor (1#), E minor (1#), B minor (2#), E minor (1#), C# minor (4#), Ab major (4b), Ab major (4b), F major (1b), Ab major (4b), B minor (2#), E minor (1#), B minor (2#), B minor (2#), B minor (2#), E minor (1#), E major (4#), E minor (1#), E minor (1#), B minor (2#), E minor (1#), F# minor (3#), G dorian (1#), G dorian (1#), G dorian (1#), E lydian (4#), C dorian (0), E lydian (4#), E dorian (4#), Eb major (3b), F major (1b), Bb major (2b), F major (1b), D major (2#), F major (1b), E minor (1#), B minor (2#), B minor (2#), E minor (1#), C# major (7#), D# minor (6#), D# minor (6#), Ab major (4b), Ab major (4b), B minor (2#), B minor (2#), E minor (1#), F# minor (3#), Eb major (3b), Eb major (3b), Eb major (3b), Ab major (4b), Ab major (4b), Ab major (4b), Ab major (4b), Bb major (2b), Eb major (3b), F# minor (3#), E minor (1#), B minor (2#), B minor (2#), B minor (2#), B minor (2#), E minor (1#), B minor (2#), C# minor (4#), Ab major (4b), C# minor (4#), B minor (2#), B major (5#), B minor (2#), F# minor (3#), B minor (2#), E minor (1#), B minor (2#), B minor (2#), B minor (2#), B major (5#), B minor (2#), F# mixolydian (6#), B minor (2#), B minor (2#), E minor (1#), E minor (1#), Bb major (2b), E minor (1#), B minor (2#), B major (5#), F# mixolydian (6#), E dorian (4#), G dorian (1#), B major (5#), B minor (2#), F# mixolydian (6#), B minor (2#), B minor (2#), B minor (2#), B minor (2#), B minor (2#), B minor (2#), B minor (2#), F# minor (3#), Ab major (4b), Ab major (4b), B minor (2#), F# minor (3#), B minor (2#), F# minor (3#), B minor (2#), E minor (1#), B minor (2#), B minor (2#)
Bb minor mel (5b),  ,  ,  ,  ,  ,  ,  ,  ,  ,  ,  ,  ,  ,  ,  ,  ,  ,  ,  ,  ,  ,  ,  ,  ,  ,  ,  ,  ,  ,  ,  ,  ,  ,  ,  ,  ,  ,  ,  ,  ,  ,  ,  ,  ,  ,  ,  ,  ,  ,  ,  ,  ,  ,  ,  ,  ,  ,  ,  ,  ,  ,  ,  ,  ,  ,  ,  ,  ,  ,  ,  ,  ,  ,  ,  ,  ,  ,  ,  ,  ,  ,  ,  ,  ,  ,  ,  ,  ,  ,  ,  ,  ,  ,  ,  ,  ,  ,  ,  ,  ,  ,  ,  ,  ,  ,  ,  ,  ,  ,  ,  ,  ,  ,  ,  ,  ,  ,  ,  ,  ,  ,  ,  ,  ,  ,  ,  ,  ,  ,  ,  ,  ,  ,  ,  ,  ,  ,  ,  ,  ,  ,  ,  ,  ,  ,  ,  ,  ,  ,  ,  ,  ,  ,  ,  ,  ,  ,  ,  ,  ,  ,  ,  ,  ,  ,  ,  ,  ,  ,  ,  ,  ,  ,  ,  ,  ,  ,  ,  ,  ,  ,  ,  ,  ,  ,  ,  ,  ,  ,  ,  ,  ,  ,  ,  ,  ,  ,  ,  ,  ,  ,  ,  ,  ,  ,  ,  ,  ,  ,  ,  ,  ,  ,  ,  ,  ,  ,  ,  ,  ,  ,  ,  ,  ,  ,  ,  ,  ,  ,  ,  ,  ,  ,  ,  ,  ,  ,  ,  ,  ,  ,  ,  ,  ,  ,  ,  ,  ,  ,  ,  ,  ,  ,  ,  ,  ,  ,  ,  ,  ,  ,  ,  ,  ,  ,  ,  ,  ,  ,  ,  ,  ,  ,  ,  ,  ,  ,  ,  ,  ,  ,  ,  ,  ,  ,  ,  ,  ,  ,  ,  
G# minor mel (5#),  ,  ,  ,  ,  ,  ,  ,  ,  ,  ,  ,  ,  ,  ,  ,  ,  ,  ,  ,  ,  ,  ,  ,  ,  ,  ,  ,  ,  ,  ,  ,  ,  ,  ,  ,  ,  ,  ,  ,  ,  ,  ,  ,  ,  ,  ,  ,  ,  ,  ,  ,  ,  ,  ,  ,  ,  ,  ,  ,  ,  ,  ,  ,  ,  ,  ,  ,  ,  ,  ,  ,  ,  ,  ,  ,  ,  ,  ,  ,  ,  ,  ,  ,  ,  ,  ,  ,  ,  ,  ,  ,  ,  ,  ,  ,  ,  ,  ,  ,  ,  ,  ,  ,  ,  ,  ,  ,  ,  ,  ,  ,  ,  ,  ,  ,  ,  ,  ,  ,  ,  ,  ,  ,  ,  ,  ,  ,  ,  ,  ,  ,  ,  ,  ,  ,  ,  ,  ,  ,  ,  ,  ,  ,  ,  ,  ,  ,  ,  ,  ,  ,  ,  ,  ,  ,  ,  ,  ,  ,  ,  ,  ,  ,  ,  ,  ,  ,  ,  ,  ,  ,  ,  ,  ,  ,  ,  ,  ,  ,  ,  ,  ,  ,  ,  ,  ,  ,  ,  ,  ,  ,  ,  ,  ,  ,  ,  ,  ,  ,  ,  ,  ,  ,  ,  ,  ,  ,  ,  ,  ,  ,  ,  ,  ,  ,  ,  ,  ,  ,  ,  ,  ,  ,  ,  ,  ,  ,  ,  ,  ,  ,  ,  ,  ,  ,  ,  ,  ,  ,  ,  ,  ,  ,  ,  ,  ,  ,  ,  ,  ,  ,  ,  ,  ,  ,  ,  ,  ,  ,  ,  ,  ,  ,  ,  ,  ,  ,  ,  ,  ,  ,  ,  ,  ,  ,  ,  ,  ,  ,  ,  ,  ,  ,  ,  ,  ,  ,  ,  ,  ,  
Db major blues (5b),  ,  ,  ,  ,  ,  ,  ,  ,  ,  ,  ,  ,  ,  ,  ,  ,  ,  ,  ,  ,  ,  ,  ,  ,  ,  ,  ,  ,  ,  ,  ,  ,  ,  ,  ,  ,  ,  ,  ,  ,  ,  ,  ,  ,  ,  ,  ,  ,  ,  ,  ,  ,  ,  ,  ,  ,  ,  ,  ,  ,  ,  ,  ,  ,  ,  ,  ,  ,  ,  ,  ,  ,  ,  ,  ,  ,  ,  ,  ,  ,  ,  ,  ,  ,  ,  ,  ,  ,  ,  ,  ,  ,  ,  ,  ,  ,  ,  ,  ,  ,  ,  ,  ,  ,  ,  ,  ,  ,  ,  ,  ,  ,  ,  ,  ,  ,  ,  ,  ,  ,  ,  ,  ,  ,  ,  ,  ,  ,  ,  ,  ,  ,  ,  ,  ,  ,  ,  ,  ,  ,  ,  ,  ,  ,  ,  ,  ,  ,  ,  ,  ,  ,  ,  ,  ,  ,  ,  ,  ,  ,  ,  ,  ,  ,  ,  ,  ,  ,  ,  ,  ,  ,  ,  ,  ,  ,  ,  ,  ,  ,  ,  ,  ,  ,  ,  ,  ,  ,  ,  ,  ,  ,  ,  ,  ,  ,  ,  ,  ,  ,  ,  ,  ,  ,  ,  ,  ,  ,  ,  ,  ,  ,  ,  ,  ,  ,  ,  ,  ,  ,  ,  ,  ,  ,  ,  ,  ,  ,  ,  ,  ,  ,  ,  ,  ,  ,  ,  ,  ,  ,  ,  ,  ,  ,  ,  ,  ,  ,  ,  ,  ,  ,  ,  ,  ,  ,  ,  ,  ,  ,  ,  ,  ,  ,  ,  ,  ,  ,  ,  ,  ,  ,  ,  ,  ,  ,  ,  ,  ,  ,  ,  ,  ,  ,  ,  ,  ,  ,  ,  ,  
B major blues (5#),  ,  ,  ,  ,  ,  ,  ,  ,  ,  ,  ,  ,  ,  ,  ,  ,  ,  ,  ,  ,  ,  ,  ,  ,  ,  ,  ,  ,  ,  ,  ,  ,  ,  ,  ,  ,  ,  ,  ,  ,  ,  ,  ,  ,  ,  ,  ,  ,  ,  ,  ,  ,  ,  ,  ,  ,  ,  ,  ,  ,  ,  ,  ,  ,  ,  ,  ,  ,  ,  ,  ,  ,  ,  ,  ,  ,  ,  ,  ,  ,  ,  ,  ,  ,  ,  ,  ,  ,  ,  ,  ,  ,  ,  ,  ,  ,  ,  ,  ,  ,  ,  ,  ,  ,  ,  ,  ,  ,  ,  ,  ,  ,  ,  ,  ,  ,  ,  ,  ,  ,  ,  ,  ,  ,  ,  ,  ,  ,  ,  ,  ,  ,  ,  ,  ,  ,  ,  ,  ,  ,  ,  ,  ,  ,  ,  ,  ,  ,  ,  ,  ,  ,  ,  ,  ,  ,  ,  ,  ,  ,  ,  ,  ,  ,  ,  ,  ,  ,  ,  ,  ,  ,  ,  ,  ,  ,  ,  ,  ,  ,  ,  ,  ,  ,  ,  ,  ,  ,  ,  ,  ,  ,  ,  ,  ,  ,  ,  ,  ,  ,  ,  ,  ,  ,  ,  ,  ,  ,  ,  ,  ,  ,  ,  ,  ,  ,  ,  ,  ,  ,  ,  ,  ,  ,  ,  ,  ,  ,  ,  ,  ,  ,  ,  ,  ,  ,  ,  ,  ,  ,  ,  ,  ,  ,  ,  ,  ,  ,  ,  ,  ,  ,  ,  ,  ,  ,  ,  ,  ,  ,  ,  ,  ,  ,  ,  ,  ,  ,  ,  ,  ,  ,  ,  ,  ,  ,  ,  ,  ,  ,  ,  ,  ,  ,  ,  ,  ,  ,  ,  ,  
Bb minor blues (5b),  ,  ,  ,  ,  ,  ,  ,  ,  ,  ,  ,  ,  ,  ,  ,  ,  ,  ,  ,  ,  ,  ,  ,  ,  ,  ,  ,  ,  ,  ,  ,  ,  ,  ,  ,  ,  ,  ,  ,  ,  ,  ,  ,  ,  ,  ,  ,  ,  ,  ,  ,  ,  ,  ,  ,  ,  ,  ,  ,  ,  ,  ,  ,  ,  ,  ,  ,  ,  ,  ,  ,  ,  ,  ,  ,  ,  ,  ,  ,  ,  ,  ,  ,  ,  ,  ,  ,  ,  ,  ,  ,  ,  ,  ,  ,  ,  ,  ,  ,  ,  ,  ,  ,  ,  ,  ,  ,  ,  ,  ,  ,  ,  ,  ,  ,  ,  ,  ,  ,  ,  ,  ,  ,  ,  ,  ,  ,  ,  ,  ,  ,  ,  ,  ,  ,  ,  ,  ,  ,  ,  ,  ,  ,  ,  ,  ,  ,  ,  ,  ,  ,  ,  ,  ,  ,  ,  ,  ,  ,  ,  ,  ,  ,  ,  ,  ,  ,  ,  ,  ,  ,  ,  ,  ,  ,  ,  ,  ,  ,  ,  ,  ,  ,  ,  ,  ,  ,  ,  ,  ,  ,  ,  ,  ,  ,  ,  ,  ,  ,  ,  ,  ,  ,  ,  ,  ,  ,  ,  ,  ,  ,  ,  ,  ,  ,  ,  ,  ,  ,  ,  ,  ,  ,  ,  ,  ,  ,  ,  ,  ,  ,  ,  ,  ,  ,  ,  ,  ,  ,  ,  ,  ,  ,  ,  ,  ,  ,  ,  ,  ,  ,  ,  ,  ,  ,  ,  ,  ,  ,  ,  ,  ,  ,  ,  ,  ,  ,  ,  ,  ,  ,  ,  ,  ,  ,  ,  ,  ,  ,  ,  ,  ,  ,  ,  ,  ,  ,  ,  ,  ,  
G# minor blues (5#),  ,  ,  ,  ,  ,  ,  ,  ,  ,  ,  ,  ,  ,  ,  ,  ,  ,  ,  ,  ,  ,  ,  ,  ,  ,  ,  ,  ,  ,  ,  ,  ,  ,  ,  ,  ,  ,  ,  ,  ,  ,  ,  ,  ,  ,  ,  ,  ,  ,  ,  ,  ,  ,  ,  ,  ,  ,  ,  ,  ,  ,  ,  ,  ,  ,  ,  ,  ,  ,  ,  ,  ,  ,  ,  ,  ,  ,  ,  ,  ,  ,  ,  ,  ,  ,  ,  ,  ,  ,  ,  ,  ,  ,  ,  ,  ,  ,  ,  ,  ,  ,  ,  ,  ,  ,  ,  ,  ,  ,  ,  ,  ,  ,  ,  ,  ,  ,  ,  ,  ,  ,  ,  ,  ,  ,  ,  ,  ,  ,  ,  ,  ,  ,  ,  ,  ,  ,  ,  ,  ,  ,  ,  ,  ,  ,  ,  ,  ,  ,  ,  ,  ,  ,  ,  ,  ,  ,  ,  ,  ,  ,  ,  ,  ,  ,  ,  ,  ,  ,  ,  ,  ,  ,  ,  ,  ,  ,  ,  ,  ,  ,  ,  ,  ,  ,  ,  ,  ,  ,  ,  ,  ,  ,  ,  ,  ,  ,  ,  ,  ,  ,  ,  ,  ,  ,  ,  ,  ,  ,  ,  ,  ,  ,  ,  ,  ,  ,  ,  ,  ,  ,  ,  ,  ,  ,  ,  ,  ,  ,  ,  ,  ,  ,  ,  ,  ,  ,  ,  ,  ,  ,  ,  ,  ,  ,  ,  ,  ,  ,  ,  ,  ,  ,  ,  ,  ,  ,  ,  ,  ,  ,  ,  ,  ,  ,  ,  ,  ,  ,  ,  ,  ,  ,  ,  ,  ,  ,  ,  ,  ,  ,  ,  ,  ,  ,  ,  ,  ,  ,  ,  
Db dorian (5b),  ,  ,  ,  ,  ,  ,  ,  ,  ,  ,  ,  ,  ,  ,  ,  ,  ,  ,  ,  ,  ,  ,  ,  ,  ,  ,  ,  ,  ,  ,  ,  ,  ,  ,  ,  ,  ,  ,  ,  ,  ,  ,  ,  ,  ,  ,  ,  ,  ,  ,  ,  ,  ,  ,  ,  ,  ,  ,  ,  ,  ,  ,  ,  ,  ,  ,  ,  ,  ,  ,  ,  ,  ,  ,  ,  ,  ,  ,  ,  ,  ,  ,  ,  ,  ,  ,  ,  ,  ,  ,  ,  ,  ,  ,  ,  ,  ,  ,  ,  ,  ,  ,  ,  ,  ,  ,  ,  ,  ,  ,  ,  ,  ,  ,  ,  ,  ,  ,  ,  ,  ,  ,  ,  ,  ,  ,  ,  ,  ,  ,  ,  ,  ,  ,  ,  ,  ,  ,  ,  ,  ,  ,  ,  ,  ,  ,  ,  ,  ,  ,  ,  ,  ,  ,  ,  ,  ,  ,  ,  ,  ,  ,  ,  ,  ,  ,  ,  ,  ,  ,  ,  ,  ,  ,  ,  ,  ,  ,  ,  ,  ,  ,  ,  ,  ,  ,  ,  ,  ,  ,  ,  ,  ,  ,  ,  ,  ,  ,  ,  ,  ,  ,  ,  ,  ,  ,  ,  ,  ,  ,  ,  ,  ,  ,  ,  ,  ,  ,  ,  ,  ,  ,  ,  ,  ,  ,  ,  ,  ,  ,  ,  ,  ,  ,  ,  ,  ,  ,  ,  ,  ,  ,  ,  ,  ,  ,  ,  ,  ,  ,  ,  ,  ,  ,  ,  ,  ,  ,  ,  ,  ,  ,  ,  ,  ,  ,  ,  ,  ,  ,  ,  ,  ,  ,  ,  ,  ,  ,  ,  ,  ,  ,  ,  ,  ,  ,  ,  ,  ,  ,  
B dorian (5#),  ,  ,  ,  ,  ,  ,  ,  ,  ,  ,  ,  ,  ,  ,  ,  ,  ,  ,  ,  ,  ,  ,  ,  ,  ,  ,  ,  ,  ,  ,  ,  ,  ,  ,  ,  ,  ,  ,  ,  ,  ,  ,  ,  ,  ,  ,  ,  ,  ,  ,  ,  ,  ,  ,  ,  ,  ,  ,  ,  ,  ,  ,  ,  ,  ,  ,  ,  ,  ,  ,  ,  ,  ,  ,  ,  ,  ,  ,  ,  ,  ,  ,  ,  ,  ,  ,  ,  ,  ,  ,  ,  ,  ,  ,  ,  ,  ,  ,  ,  ,  ,  ,  ,  ,  ,  ,  ,  ,  ,  ,  ,  ,  ,  ,  ,  ,  ,  ,  ,  ,  ,  ,  ,  ,  ,  ,  ,  ,  ,  ,  ,  ,  ,  ,  ,  ,  ,  ,  ,  ,  ,  ,  ,  ,  ,  ,  ,  ,  ,  ,  ,  ,  ,  ,  ,  ,  ,  ,  ,  ,  ,  ,  ,  ,  ,  ,  ,  ,  ,  ,  ,  ,  ,  ,  ,  ,  ,  ,  ,  ,  ,  ,  ,  ,  ,  ,  ,  ,  ,  ,  ,  ,  ,  ,  ,  ,  ,  ,  ,  ,  ,  ,  ,  ,  ,  ,  ,  ,  ,  ,  ,  ,  ,  ,  ,  ,  ,  ,  ,  ,  ,  ,  ,  ,  ,  ,  ,  ,  ,  ,  ,  ,  ,  ,  ,  ,  ,  ,  ,  ,  ,  ,  ,  ,  ,  ,  ,  ,  ,  ,  ,  ,  ,  ,  ,  ,  ,  ,  ,  ,  ,  ,  ,  ,  ,  ,  ,  ,  ,  ,  ,  ,  ,  ,  ,  ,  ,  ,  ,  ,  ,  ,  ,  ,  ,  ,  ,  ,  ,  ,  
Db phrygian (5b),  ,  ,  ,  ,  ,  ,  ,  ,  ,  ,  ,  ,  ,  ,  ,  ,  ,  ,  ,  ,  ,  ,  ,  ,  ,  ,  ,  ,  ,  ,  ,  ,  ,  ,  ,  ,  ,  ,  ,  ,  ,  ,  ,  ,  ,  ,  ,  ,  ,  ,  ,  ,  ,  ,  ,  ,  ,  ,  ,  ,  ,  ,  ,  ,  ,  ,  ,  ,  ,  ,  ,  ,  ,  ,  ,  ,  ,  ,  ,  ,  ,  ,  ,  ,  ,  ,  ,  ,  ,  ,  ,  ,  ,  ,  ,  ,  ,  ,  ,  ,  ,  ,  ,  ,  ,  ,  ,  ,  ,  ,  ,  ,  ,  ,  ,  ,  ,  ,  ,  ,  ,  ,  ,  ,  ,  ,  ,  ,  ,  ,  ,  ,  ,  ,  ,  ,  ,  ,  ,  ,  ,  ,  ,  ,  ,  ,  ,  ,  ,  ,  ,  ,  ,  ,  ,  ,  ,  ,  ,  ,  ,  ,  ,  ,  ,  ,  ,  ,  ,  ,  ,  ,  ,  ,  ,  ,  ,  ,  ,  ,  ,  ,  ,  ,  ,  ,  ,  ,  ,  ,  ,  ,  ,  ,  ,  ,  ,  ,  ,  ,  ,  ,  ,  ,  ,  ,  ,  ,  ,  ,  ,  ,  ,  ,  ,  ,  ,  ,  ,  ,  ,  ,  ,  ,  ,  ,  ,  ,  ,  ,  ,  ,  ,  ,  ,  ,  ,  ,  ,  ,  ,  ,  ,  ,  ,  ,  ,  ,  ,  ,  ,  ,  ,  ,  ,  ,  ,  ,  ,  ,  ,  ,  ,  ,  ,  ,  ,  ,  ,  ,  ,  ,  ,  ,  ,  ,  ,  ,  ,  ,  ,  ,  ,  ,  ,  ,  ,  ,  ,  ,  
B phrygian (5#),  ,  ,  ,  ,  ,  ,  ,  ,  ,  ,  ,  ,  ,  ,  ,  ,  ,  ,  ,  ,  ,  ,  ,  ,  ,  ,  ,  ,  ,  ,  ,  ,  ,  ,  ,  ,  ,  ,  ,  ,  ,  ,  ,  ,  ,  ,  ,  ,  ,  ,  ,  ,  ,  ,  ,  ,  ,  ,  ,  ,  ,  ,  ,  ,  ,  ,  ,  ,  ,  ,  ,  ,  ,  ,  ,  ,  ,  ,  ,  ,  ,  ,  ,  ,  ,  ,  ,  ,  ,  ,  ,  ,  ,  ,  ,  ,  ,  ,  ,  ,  ,  ,  ,  ,  ,  ,  ,  ,  ,  ,  ,  ,  ,  ,  ,  ,  ,  ,  ,  ,  ,  ,  ,  ,  ,  ,  ,  ,  ,  ,  ,  ,  ,  ,  ,  ,  ,  ,  ,  ,  ,  ,  ,  ,  ,  ,  ,  ,  ,  ,  ,  ,  ,  ,  ,  ,  ,  ,  ,  ,  ,  ,  ,  ,  ,  ,  ,  ,  ,  ,  ,  ,  ,  ,  ,  ,  ,  ,  ,  ,  ,  ,  ,  ,  ,  ,  ,  ,  ,  ,  ,  ,  ,  ,  ,  ,  ,  ,  ,  ,  ,  ,  ,  ,  ,  ,  ,  ,  ,  ,  ,  ,  ,  ,  ,  ,  ,  ,  ,  ,  ,  ,  ,  ,  ,  ,  ,  ,  ,  ,  ,  ,  ,  ,  ,  ,  ,  ,  ,  ,  ,  ,  ,  ,  ,  ,  ,  ,  ,  ,  ,  ,  ,  ,  ,  ,  ,  ,  ,  ,  ,  ,  ,  ,  ,  ,  ,  ,  ,  ,  ,  ,  ,  ,  ,  ,  ,  ,  ,  ,  ,  ,  ,  ,  ,  ,  ,  ,  ,  ,  
Db lydian (5b),  ,  ,  ,  ,  ,  ,  ,  ,  ,  ,  ,  ,  ,  ,  ,  ,  ,  ,  ,  ,  ,  ,  ,  ,  ,  ,  ,  ,  ,  ,  ,  ,  ,  ,  ,  ,  ,  ,  ,  ,  ,  ,  ,  ,  ,  ,  ,  ,  ,  ,  ,  ,  ,  ,  ,  ,  ,  ,  ,  ,  ,  ,  ,  ,  ,  ,  ,  ,  ,  ,  ,  ,  ,  ,  ,  ,  ,  ,  ,  ,  ,  ,  ,  ,  ,  ,  ,  ,  ,  ,  ,  ,  ,  ,  ,  ,  ,  ,  ,  ,  ,  ,  ,  ,  ,  ,  ,  ,  ,  ,  ,  ,  ,  ,  ,  ,  ,  ,  ,  ,  ,  ,  ,  ,  ,  ,  ,  ,  ,  ,  ,  ,  ,  ,  ,  ,  ,  ,  ,  ,  ,  ,  ,  ,  ,  ,  ,  ,  ,  ,  ,  ,  ,  ,  ,  ,  ,  ,  ,  ,  ,  ,  ,  ,  ,  ,  ,  ,  ,  ,  ,  ,  ,  ,  ,  ,  ,  ,  ,  ,  ,  ,  ,  ,  ,  ,  ,  ,  ,  ,  ,  ,  ,  ,  ,  ,  ,  ,  ,  ,  ,  ,  ,  ,  ,  ,  ,  ,  ,  ,  ,  ,  ,  ,  ,  ,  ,  ,  ,  ,  ,  ,  ,  ,  ,  ,  ,  ,  ,  ,  ,  ,  ,  ,  ,  ,  ,  ,  ,  ,  ,  ,  ,  ,  ,  ,  ,  ,  ,  ,  ,  ,  ,  ,  ,  ,  ,  ,  ,  ,  ,  ,  ,  ,  ,  ,  ,  ,  ,  ,  ,  ,  ,  ,  ,  ,  ,  ,  ,  ,  ,  ,  ,  ,  ,  ,  ,  ,  ,  ,  
B lydian (5#),  ,  ,  ,  ,  ,  ,  ,  ,  ,  ,  ,  ,  ,  ,  ,  ,  ,  ,  ,  ,  ,  ,  ,  ,  ,  ,  ,  ,  ,  ,  ,  ,  ,  ,  ,  ,  ,  ,  ,  ,  ,  ,  ,  ,  ,  ,  ,  ,  ,  ,  ,  ,  ,  ,  ,  ,  ,  ,  ,  ,  ,  ,  ,  ,  ,  ,  ,  ,  ,  ,  ,  ,  ,  ,  ,  ,  ,  ,  ,  ,  ,  ,  ,  ,  ,  ,  ,  ,  ,  ,  ,  ,  ,  ,  ,  ,  ,  ,  ,  ,  ,  ,  ,  ,  ,  ,  ,  ,  ,  ,  ,  ,  ,  ,  ,  ,  ,  ,  ,  ,  ,  ,  ,  ,  ,  ,  ,  ,  ,  ,  ,  ,  ,  ,  ,  ,  ,  ,  ,  ,  ,  ,  ,  ,  ,  ,  ,  ,  ,  ,  ,  ,  ,  ,  ,  ,  ,  ,  ,  ,  ,  ,  ,  ,  ,  ,  ,  ,  ,  ,  ,  ,  ,  ,  ,  ,  ,  ,  ,  ,  ,  ,  ,  ,  ,  ,  ,  ,  ,  ,  ,  ,  ,  ,  ,  ,  ,  ,  ,  ,  ,  ,  ,  ,  ,  ,  ,  ,  ,  ,  ,  ,  ,  ,  ,  ,  ,  ,  ,  ,  ,  ,  ,  ,  ,  ,  ,  ,  ,  ,  ,  ,  ,  ,  ,  ,  ,  ,  ,  ,  ,  ,  ,  ,  ,  ,  ,  ,  ,  ,  ,  ,  ,  ,  ,  ,  ,  ,  ,  ,  ,  ,  ,  ,  ,  ,  ,  ,  ,  ,  ,  ,  ,  ,  ,  ,  ,  ,  ,  ,  ,  ,  ,  ,  ,  ,  ,  ,  ,  ,  
Db mixolydian (5b),  ,  ,  ,  ,  ,  ,  ,  ,  ,  ,  ,  ,  ,  ,  ,  ,  ,  ,  ,  ,  ,  ,  ,  ,  ,  ,  ,  ,  ,  ,  ,  ,  ,  ,  ,  ,  ,  ,  ,  ,  ,  ,  ,  ,  ,  ,  ,  ,  ,  ,  ,  ,  ,  ,  ,  ,  ,  ,  ,  ,  ,  ,  ,  ,  ,  ,  ,  ,  ,  ,  ,  ,  ,  ,  ,  ,  ,  ,  ,  ,  ,  ,  ,  ,  ,  ,  ,  ,  ,  ,  ,  ,  ,  ,  ,  ,  ,  ,  ,  ,  ,  ,  ,  ,  ,  ,  ,  ,  ,  ,  ,  ,  ,  ,  ,  ,  ,  ,  ,  ,  ,  ,  ,  ,  ,  ,  ,  ,  ,  ,  ,  ,  ,  ,  ,  ,  ,  ,  ,  ,  ,  ,  ,  ,  ,  ,  ,  ,  ,  ,  ,  ,  ,  ,  ,  ,  ,  ,  ,  ,  ,  ,  ,  ,  ,  ,  ,  ,  ,  ,  ,  ,  ,  ,  ,  ,  ,  ,  ,  ,  ,  ,  ,  ,  ,  ,  ,  ,  ,  ,  ,  ,  ,  ,  ,  ,  ,  ,  ,  ,  ,  ,  ,  ,  ,  ,  ,  ,  ,  ,  ,  ,  ,  ,  ,  ,  ,  ,  ,  ,  ,  ,  ,  ,  ,  ,  ,  ,  ,  ,  ,  ,  ,  ,  ,  ,  ,  ,  ,  ,  ,  ,  ,  ,  ,  ,  ,  ,  ,  ,  ,  ,  ,  ,  ,  ,  ,  ,  ,  ,  ,  ,  ,  ,  ,  ,  ,  ,  ,  ,  ,  ,  ,  ,  ,  ,  ,  ,  ,  ,  ,  ,  ,  ,  ,  ,  ,  ,  ,  ,  
B mixolydian (5#),  ,  ,  ,  ,  ,  ,  ,  ,  ,  ,  ,  ,  ,  ,  ,  ,  ,  ,  ,  ,  ,  ,  ,  ,  ,  ,  ,  ,  ,  ,  ,  ,  ,  ,  ,  ,  ,  ,  ,  ,  ,  ,  ,  ,  ,  ,  ,  ,  ,  ,  ,  ,  ,  ,  ,  ,  ,  ,  ,  ,  ,  ,  ,  ,  ,  ,  ,  ,  ,  ,  ,  ,  ,  ,  ,  ,  ,  ,  ,  ,  ,  ,  ,  ,  ,  ,  ,  ,  ,  ,  ,  ,  ,  ,  ,  ,  ,  ,  ,  ,  ,  ,  ,  ,  ,  ,  ,  ,  ,  ,  ,  ,  ,  ,  ,  ,  ,  ,  ,  ,  ,  ,  ,  ,  ,  ,  ,  ,  ,  ,  ,  ,  ,  ,  ,  ,  ,  ,  ,  ,  ,  ,  ,  ,  ,  ,  ,  ,  ,  ,  ,  ,  ,  ,  ,  ,  ,  ,  ,  ,  ,  ,  ,  ,  ,  ,  ,  ,  ,  ,  ,  ,  ,  ,  ,  ,  ,  ,  ,  ,  ,  ,  ,  ,  ,  ,  ,  ,  ,  ,  ,  ,  ,  ,  ,  ,  ,  ,  ,  ,  ,  ,  ,  ,  ,  ,  ,  ,  ,  ,  ,  ,  ,  ,  ,  ,  ,  ,  ,  ,  ,  ,  ,  ,  ,  ,  ,  ,  ,  ,  ,  ,  ,  ,  ,  ,  ,  ,  ,  ,  ,  ,  ,  ,  ,  ,  ,  ,  ,  ,  ,  ,  ,  ,  ,  ,  ,  ,  ,  ,  ,  ,  ,  ,  ,  ,  ,  ,  ,  ,  ,  ,  ,  ,  ,  ,  ,  ,  ,  ,  ,  ,  ,  ,  ,  ,  ,  ,  ,  ,  
Db aeolian (5b),  ,  ,  ,  ,  ,  ,  ,  ,  ,  ,  ,  ,  ,  ,  ,  ,  ,  ,  ,  ,  ,  ,  ,  ,  ,  ,  ,  ,  ,  ,  ,  ,  ,  ,  ,  ,  ,  ,  ,  ,  ,  ,  ,  ,  ,  ,  ,  ,  ,  ,  ,  ,  ,  ,  ,  ,  ,  ,  ,  ,  ,  ,  ,  ,  ,  ,  ,  ,  ,  ,  ,  ,  ,  ,  ,  ,  ,  ,  ,  ,  ,  ,  ,  ,  ,  ,  ,  ,  ,  ,  ,  ,  ,  ,  ,  ,  ,  ,  ,  ,  ,  ,  ,  ,  ,  ,  ,  ,  ,  ,  ,  ,  ,  ,  ,  ,  ,  ,  ,  ,  ,  ,  ,  ,  ,  ,  ,  ,  ,  ,  ,  ,  ,  ,  ,  ,  ,  ,  ,  ,  ,  ,  ,  ,  ,  ,  ,  ,  ,  ,  ,  ,  ,  ,  ,  ,  ,  ,  ,  ,  ,  ,  ,  ,  ,  ,  ,  ,  ,  ,  ,  ,  ,  ,  ,  ,  ,  ,  ,  ,  ,  ,  ,  ,  ,  ,  ,  ,  ,  ,  ,  ,  ,  ,  ,  ,  ,  ,  ,  ,  ,  ,  ,  ,  ,  ,  ,  ,  ,  ,  ,  ,  ,  ,  ,  ,  ,  ,  ,  ,  ,  ,  ,  ,  ,  ,  ,  ,  ,  ,  ,  ,  ,  ,  ,  ,  ,  ,  ,  ,  ,  ,  ,  ,  ,  ,  ,  ,  ,  ,  ,  ,  ,  ,  ,  ,  ,  ,  ,  ,  ,  ,  ,  ,  ,  ,  ,  ,  ,  ,  ,  ,  ,  ,  ,  ,  ,  ,  ,  ,  ,  ,  ,  ,  ,  ,  ,  ,  ,  ,  
B aeolian (5#),  ,  ,  ,  ,  ,  ,  ,  ,  ,  ,  ,  ,  ,  ,  ,  ,  ,  ,  ,  ,  ,  ,  ,  ,  ,  ,  ,  ,  ,  ,  ,  ,  ,  ,  ,  ,  ,  ,  ,  ,  ,  ,  ,  ,  ,  ,  ,  ,  ,  ,  ,  ,  ,  ,  ,  ,  ,  ,  ,  ,  ,  ,  ,  ,  ,  ,  ,  ,  ,  ,  ,  ,  ,  ,  ,  ,  ,  ,  ,  ,  ,  ,  ,  ,  ,  ,  ,  ,  ,  ,  ,  ,  ,  ,  ,  ,  ,  ,  ,  ,  ,  ,  ,  ,  ,  ,  ,  ,  ,  ,  ,  ,  ,  ,  ,  ,  ,  ,  ,  ,  ,  ,  ,  ,  ,  ,  ,  ,  ,  ,  ,  ,  ,  ,  ,  ,  ,  ,  ,  ,  ,  ,  ,  ,  ,  ,  ,  ,  ,  ,  ,  ,  ,  ,  ,  ,  ,  ,  ,  ,  ,  ,  ,  ,  ,  ,  ,  ,  ,  ,  ,  ,  ,  ,  ,  ,  ,  ,  ,  ,  ,  ,  ,  ,  ,  ,  ,  ,  ,  ,  ,  ,  ,  ,  ,  ,  ,  ,  ,  ,  ,  ,  ,  ,  ,  ,  ,  ,  ,  ,  ,  ,  ,  ,  ,  ,  ,  ,  ,  ,  ,  ,  ,  ,  ,  ,  ,  ,  ,  ,  ,  ,  ,  ,  ,  ,  ,  ,  ,  ,  ,  ,  ,  ,  ,  ,  ,  ,  ,  ,  ,  ,  ,  ,  ,  ,  ,  ,  ,  ,  ,  ,  ,  ,  ,  ,  ,  ,  ,  ,  ,  ,  ,  ,  ,  ,  ,  ,  ,  ,  ,  ,  ,  ,  ,  ,  ,  ,  ,  ,  
Db locrian (5b),  ,  ,  ,  ,  ,  ,  ,  ,  ,  ,  ,  ,  ,  ,  ,  ,  ,  ,  ,  ,  ,  ,  ,  ,  ,  ,  ,  ,  ,  ,  ,  ,  ,  ,  ,  ,  ,  ,  ,  ,  ,  ,  ,  ,  ,  ,  ,  ,  ,  ,  ,  ,  ,  ,  ,  ,  ,  ,  ,  ,  ,  ,  ,  ,  ,  ,  ,  ,  ,  ,  ,  ,  ,  ,  ,  ,  ,  ,  ,  ,  ,  ,  ,  ,  ,  ,  ,  ,  ,  ,  ,  ,  ,  ,  ,  ,  ,  ,  ,  ,  ,  ,  ,  ,  ,  ,  ,  ,  ,  ,  ,  ,  ,  ,  ,  ,  ,  ,  ,  ,  ,  ,  ,  ,  ,  ,  ,  ,  ,  ,  ,  ,  ,  ,  ,  ,  ,  ,  ,  ,  ,  ,  ,  ,  ,  ,  ,  ,  ,  ,  ,  ,  ,  ,  ,  ,  ,  ,  ,  ,  ,  ,  ,  ,  ,  ,  ,  ,  ,  ,  ,  ,  ,  ,  ,  ,  ,  ,  ,  ,  ,  ,  ,  ,  ,  ,  ,  ,  ,  ,  ,  ,  ,  ,  ,  ,  ,  ,  ,  ,  ,  ,  ,  ,  ,  ,  ,  ,  ,  ,  ,  ,  ,  ,  ,  ,  ,  ,  ,  ,  ,  ,  ,  ,  ,  ,  ,  ,  ,  ,  ,  ,  ,  ,  ,  ,  ,  ,  ,  ,  ,  ,  ,  ,  ,  ,  ,  ,  ,  ,  ,  ,  ,  ,  ,  ,  ,  ,  ,  ,  ,  ,  ,  ,  ,  ,  ,  ,  ,  ,  ,  ,  ,  ,  ,  ,  ,  ,  ,  ,  ,  ,  ,  ,  ,  ,  ,  ,  ,  ,  
B locrian (5#),  ,  ,  ,  ,  ,  ,  ,  ,  ,  ,  ,  ,  ,  ,  ,  ,  ,  ,  ,  ,  ,  ,  ,  ,  ,  ,  ,  ,  ,  ,  ,  ,  ,  ,  ,  ,  ,  ,  ,  ,  ,  ,  ,  ,  ,  ,  ,  ,  ,  ,  ,  ,  ,  ,  ,  ,  ,  ,  ,  ,  ,  ,  ,  ,  ,  ,  ,  ,  ,  ,  ,  ,  ,  ,  ,  ,  ,  ,  ,  ,  ,  ,  ,  ,  ,  ,  ,  ,  ,  ,  ,  ,  ,  ,  ,  ,  ,  ,  ,  ,  ,  ,  ,  ,  ,  ,  ,  ,  ,  ,  ,  ,  ,  ,  ,  ,  ,  ,  ,  ,  ,  ,  ,  ,  ,  ,  ,  ,  ,  ,  ,  ,  ,  ,  ,  ,  ,  ,  ,  ,  ,  ,  ,  ,  ,  ,  ,  ,  ,  ,  ,  ,  ,  ,  ,  ,  ,  ,  ,  ,  ,  ,  ,  ,  ,  ,  ,  ,  ,  ,  ,  ,  ,  ,  ,  ,  ,  ,  ,  ,  ,  ,  ,  ,  ,  ,  ,  ,  ,  ,  ,  ,  ,  ,  ,  ,  ,  ,  ,  ,  ,  ,  ,  ,  ,  ,  ,  ,  ,  ,  ,  ,  ,  ,  ,  ,  ,  ,  ,  ,  ,  ,  ,  ,  ,  ,  ,  ,  ,  ,  ,  ,  ,  ,  ,  ,  ,  ,  ,  ,  ,  ,  ,  ,  ,  ,  ,  ,  ,  ,  ,  ,  ,  ,  ,  ,  ,  ,  ,  ,  ,  ,  ,  ,  ,  ,  ,  ,  ,  ,  ,  ,  ,  ,  ,  ,  ,  ,  ,  ,  ,  ,  ,  ,  ,  ,  ,  ,  ,  ,  
Gb major (6b), F# minor (3#), B minor (2#), B minor (2#), B minor (2#), B minor (2#), A minor (0), B minor (2#), B minor (2#), A minor (0), A minor (0), E minor (1#), B minor (2#), F# minor (3#), B minor (2#), B minor (2#), B minor (2#), B minor (2#), A minor (0), B minor (2#), B minor (2#), A minor (0), A minor (0), F# minor (3#), B minor (2#), B minor (2#), A minor (0), B minor (2#), B minor (2#), A minor (0), A minor (0), E major (4#), A minor (0), E major (4#), A minor (0), E minor (1#), B minor (2#), B minor (2#), A minor (0), E minor (1#), E major (4#), F# major (6#), A minor (0), B minor (2#), A minor (0), A major (3#), A minor (0), E minor (1#), A minor (0), E minor (1#), B minor (2#), B minor (2#), B minor (2#), F# minor (3#), A minor (0), B minor (2#), B minor (2#), E minor (1#), B minor (2#), E minor (1#), B minor (2#), F# minor (3#), B minor (2#), E minor (1#), B minor (2#), B minor (2#), A minor (0), C minor (3b), A minor (0), A minor (0), A minor (0), E minor (1#), A minor (0), B minor (2#), A minor (0), B minor (2#), B minor (2#), F# minor (3#), A minor (0), A minor (0), A minor (0), A minor (0), A minor (0), E minor (1#), B minor (2#), F# minor (3#), B minor (2#), F# minor (3#), F# major (6#), F# minor (3#), A minor (0), E major (4#), B minor (2#), B minor (2#), E minor (1#), E minor (1#), A minor (0), E minor (1#), B minor (2#), E minor (1#), B minor (2#), A minor (0), A minor (0), B minor (2#), A minor (0), A major (3#), A minor (0), E minor (1#), A minor (0), B minor (2#), B minor (2#), B major (5#), E major (4#), A minor (0), A minor (0), A minor (0), A minor (0), A major (3#), A minor (0), E minor (1#), B minor (2#), B minor (2#), B minor (2#), E minor (1#), B minor (2#), A minor (0), A minor (0), A minor (0), B minor (2#), F# minor (3#), B minor (2#), E minor (1#), A minor (0), B minor (2#), B minor (2#), B minor (2#), B minor (2#), B minor (2#), A minor (0), A minor (0), A minor (0), A minor (0), A minor (0), E minor (1#), B minor (2#), B minor (2#), B minor (2#), B minor (2#), B minor (2#), B minor (2#), E minor (1#), A minor (0), A minor (0), A minor (0), E minor (1#), B minor (2#), B minor (2#), B minor (2#), B minor (2#), E minor (1#), E minor (1#), A minor (0), A minor (0), E minor (1#), B minor (2#), E major (4#), E minor (1#), F# minor (3#), A minor (0), B minor (2#), B minor (2#), A minor (0), E minor (1#), B major (5#), A minor (0), A minor (0), A minor (0), A major (3#), E minor (1#), F# minor (3#), B minor (2#), F# minor (3#), A minor (0), B minor (2#), A minor (0), E major (4#), Ab major (4b), Ab major (4b), B minor (2#), A minor (0), E minor (1#), E minor (1#), B minor (2#), B minor (2#), A minor (0), E minor (1#), E major (4#), A minor (0), A minor (0), B minor (2#), A minor (0), A major (3#), A minor (0), E minor (1#), A minor (0), E major (4#), A minor (0), E major (4#), C# minor (4#), F# minor (3#), E minor (1#), A minor (0), B minor (2#), B minor (2#), A minor (0), E minor (1#), B minor (2#), B minor (2#), A minor (0), A minor (0), F# major (6#), F# major (6#), Ab major (4b), Ab major (4b), B minor (2#), B minor (2#), E minor (1#), F# minor (3#), Eb major (3b), Eb major (3b), Eb major (3b), Ab major (4b), Ab major (4b), Ab major (4b), Eb major (3b), Bb major (2b), A minor (0), A major (3#), A minor (0), E minor (1#), B minor (2#), B minor (2#), B minor (2#), E minor (1#), B minor (2#), E major (4#), A minor (0), E major (4#), B minor (2#), F# major (6#), A minor (0), F# minor (3#), B minor (2#), E minor (1#), B minor (2#), F# minor (3#), B minor (2#), E major (4#), A minor (0), F# major (6#), B minor (2#), B minor (2#), E minor (1#), E minor (1#), A minor (0), F# minor (3#), B minor (2#), F# minor (3#), F# major (6#), F# minor (3#), E minor (1#), B major (5#), B minor (2#), F# major (6#), B minor (2#), F# minor (3#), B minor (2#), F# minor (3#), B minor (2#), B minor (2#), B minor (2#), F# minor (3#), Ab major (4b), Ab major (4b), B minor (2#), F# minor (3#), B minor (2#), F# minor (3#), B minor (2#), E minor (1#), B minor (2#), B minor (2#)
F# major (6#), F# minor (3#), B minor (2#), B minor (2#), B minor (2#), B minor (2#), A minor (0), B minor (2#), B minor (2#), A minor (0), A minor (0), E minor (1#), B minor (2#), F# minor (3#), B minor (2#), B minor (2#), B minor (2#), B minor (2#), A minor (0), B minor (2#), B minor (2#), A minor (0), A minor (0), F# minor (3#), B minor (2#), B minor (2#), A minor (0), B minor (2#), B minor (2#), B major (5#), A minor (0), E major (4#), A minor (0), E major (4#), A minor (0), E minor (1#), A minor (0), A minor (0), A minor (0), E minor (1#), E major (4#), F# major (6#), A minor (0), B minor (2#), A minor (0), A major (3#), A minor (0), E minor (1#), A minor (0), E minor (1#), B minor (2#), B minor (2#), B minor (2#), F# minor (3#), A minor (0), B minor (2#), B minor (2#), E minor (1#), B minor (2#), E minor (1#), B minor (2#), F# minor (3#), B minor (2#), E minor (1#), B minor (2#), B minor (2#), A minor (0), C minor (3b), A minor (0), A minor (0), A minor (0), E minor (1#), A minor (0), B minor (2#), A minor (0), B minor (2#), B minor (2#), F# minor (3#), A minor (0), A minor (0), A minor (0), A minor (0), A minor (0), E minor (1#), B minor (2#), F# minor (3#), B minor (2#), F# minor (3#), F# major (6#), F# minor (3#), A minor (0), E major (4#), B minor (2#), B minor (2#), E minor (1#), E minor (1#), A minor (0), E minor (1#), B minor (2#), E minor (1#), B minor (2#), A minor (0), A minor (0), B minor (2#), A minor (0), A major (3#), A minor (0), E minor (1#), A minor (0), B minor (2#), B minor (2#), B major (5#), E major (4#), A minor (0), A minor (0), A minor (0), A minor (0), A major (3#), A minor (0), E minor (1#), B minor (2#), B minor (2#), B minor (2#), E minor (1#), B minor (2#), A minor (0), A minor (0), B major (5#), B minor (2#), F# minor (3#), B minor (2#), E minor (1#), A minor (0), B minor (2#), B minor (2#), B minor (2#), B minor (2#), B minor (2#), A minor (0), A minor (0), A minor (0), A minor (0), A minor (0), E minor (1#), B minor (2#), B minor (2#), B minor (2#), B minor (2#), B minor (2#), B minor (2#), E minor (1#), A minor (0), A minor (0), A minor (0), E minor (1#), B minor (2#), B minor (2#), B minor (2#), B minor (2#), E minor (1#), E minor (1#), A minor (0), A minor (0), E minor (1#), B minor (2#), E major (4#), E minor (1#), F# minor (3#), A minor (0), B minor (2#), B minor (2#), A minor (0), E minor (1#), B major (5#), A minor (0), A minor (0), A minor (0), A major (3#), E minor (1#), F# minor (3#), B minor (2#), F# minor (3#), A minor (0), B minor (2#), A minor (0), E major (4#), A minor (0), B major (5#), B minor (2#), A minor (0), E minor (1#), E minor (1#), B minor (2#), B minor (2#), A minor (0), E minor (1#), E major (4#), A minor (0), A minor (0), B minor (2#), A minor (0), A major (3#), A minor (0), E minor (1#), A minor (0), E major (4#), A minor (0), E major (4#), C# minor (4#), F# minor (3#), E minor (1#), A minor (0), B minor (2#), B minor (2#), A minor (0), E minor (1#), B minor (2#), B minor (2#), E minor (1#), C# major (7#), F# major (6#), C# major (7#), Ab major (4b), Ab major (4b), B minor (2#), B minor (2#), E minor (1#), F# minor (3#), Eb major (3b), Eb major (3b), Eb major (3b), Ab major (4b), Ab major (4b), Ab major (4b), Eb major (3b), Bb major (2b), A minor (0), A major (3#), A minor (0), E minor (1#), B minor (2#), B minor (2#), B minor (2#), E minor (1#), B minor (2#), E major (4#), A minor (0), E major (4#), B minor (2#), B major (5#), A minor (0), F# minor (3#), B minor (2#), E minor (1#), B minor (2#), F# minor (3#), B minor (2#), E major (4#), A minor (0), F# major (6#), B minor (2#), B minor (2#), E minor (1#), E minor (1#), A minor (0), F# minor (3#), B minor (2#), F# minor (3#), F# major (6#), F# minor (3#), E minor (1#), B major (5#), B minor (2#), F# major (6#), B minor (2#), F# minor (3#), B minor (2#), F# minor (3#), B minor (2#), B minor (2#), B minor (2#), F# minor (3#), Ab major (4b), Ab major (4b), B minor (2#), F# minor (3#), E minor (1#), F# minor (3#), B minor (2#), E minor (1#), B minor (2#), B minor (2#)
Eb minor (6b), Eb major (3b), C major (0), Bb major (2b), Bb major (2b), Bb major (2b), Bb major (2b), Bb major (2b), C major (0), Bb major (2b), F major (1b), C major (0), C major (0), C minor (3b), C major (0), Bb major (2b), Bb major (2b), Bb major (2b), Bb major (2b), Bb major (2b), C major (0), Bb major (2b), F major (1b), C major (0), C major (0), C major (0), C major (0), Eb major (3b), Eb major (3b), Ab lydian (4b), Bb major (2b), C# minor (4#), Bb major (2b), Eb major (3b), C major (0), C major (0), C major (0), C major (0), C major (0), C major (0), F major (1b), F minor (4b), F major (1b), F major (1b), C major (0), C major (0), C major (0), C major (0), C major (0), C minor (3b), C major (0), C major (0), C minor (3b), C major (0), Bb major (2b), Eb major (3b), C major (0), C minor (3b), C major (0), Bb major (2b), C major (0), C minor (3b), C major (0), F major (1b), Ab minor (7b), Eb major (3b), Bb major (2b), Eb major (3b), C major (0), Bb major (2b), F major (1b), C major (0), C major (0), C minor (3b), C major (0), F# minor (3#), B minor (2#), C# minor (4#), Bb major (2b), F major (1b), C major (0), C minor (3b), C major (0), C major (0), C major (0), C major (0), C major (0), F# minor (3#), F# major (6#), Eb major (3b), Bb major (2b), F major (1b), C major (0), C major (0), C major (0), C major (0), C major (0), C major (0), C major (0), C major (0), F major (1b), Bb major (2b), Bb major (2b), Eb major (3b), C major (0), C major (0), C major (0), Bb major (2b), C major (0), C minor (3b), C major (0), F major (1b), C major (0), F major (1b), Bb major (2b), F major (1b), C major (0), C major (0), F major (1b), Bb major (2b), C major (0), C major (0), C major (0), C major (0), C major (0), Eb major (3b), Bb major (2b), F major (1b), C major (0), C major (0), F major (1b), Bb major (2b), C major (0), C major (0), C major (0), F major (1b), Bb major (2b), Eb major (3b), Bb major (2b), F major (1b), C major (0), F major (1b), C major (0), C major (0), C major (0), C major (0), C major (0), C major (0), C major (0), C major (0), F major (1b), Bb major (2b), C major (0), C major (0), C major (0), C major (0), C major (0), C major (0), C major (0), G major (1#), C major (0), C major (0), Bb major (2b), Eb major (3b), C major (0), Bb major (2b), C major (0), A major (3#), C major (0), C minor (3b), C major (0), C major (0), F major (1b), Ab minor (7b), Bb major (2b), Bb major (2b), Eb major (3b), Ab minor (7b), F major (1b), Bb major (2b), Eb major (3b), C major (0), C major (0), C minor (3b), C major (0), Bb major (2b), F major (1b), F minor (4b), C major (0), C minor (3b), C major (0), C major (0), C major (0), C major (0), C major (0), Eb major (3b), C# minor (4#), Bb major (2b), Bb major (2b), Bb major (2b), C major (0), C major (0), F major (1b), Bb major (2b), C major (0), F major (1b), Bb major (2b), Bb major (2b), C# minor (4#), Eb major (3b), F major (1b), Bb major (2b), C major (0), C major (0), C major (0), C major (0), C major (0), A major (3#), C major (0), C major (0), Eb minor (6b), Bb minor (5b), Bb major (2b), Bb major (2b), C major (0), B minor (2#), E minor (1#), F# minor (3#), Eb major (3b), Eb major (3b), Eb major (3b), Ab major (4b), Eb major (3b), Eb major (3b), Eb major (3b), Bb major (2b), C major (0), C major (0), C major (0), C major (0), C major (0), C major (0), C major (0), C major (0), B minor (2#), C# minor (4#), Eb major (3b), Bb major (2b), C major (0), Bb major (2b), C major (0), Bb major (2b), C major (0), C major (0), C major (0), C major (0), Eb major (3b), Ab minor (7b), Eb major (3b), Bb major (2b), C major (0), C major (0), C major (0), C major (0), Bb major (2b), C major (0), C major (0), Eb minor (6b), Eb minor (6b), C# minor (4#), Bb major (2b), F major (1b), C major (0), C major (0), C major (0), C major (0), C major (0), C major (0), Eb major (3b), Eb major (3b), Eb major (3b), C major (0), Bb major (2b), Eb major (3b), C major (0), C major (0), C major (0), A major (3#), C major (0), C major (0), C major (0), Eb major (3b)
D# minor (6#), Eb major (3b), C major (0), Bb major (2b), Bb major (2b), Bb major (2b), Bb major (2b), Bb major (2b), C major (0), Bb major (2b), F major (1b), C major (0), C major (0), C minor (3b), C major (0), Bb major (2b), Bb major (2b), Bb major (2b), Bb major (2b), Bb major (2b), C major (0), Bb major (2b), F major (1b), C major (0), C major (0), C major (0), C major (0), Eb major (3b), Eb major (3b), Ab lydian (4b), Bb major (2b), C# minor (4#), Bb major (2b), Eb major (3b), C major (0), C major (0), C major (0), C major (0), C major (0), C major (0), F major (1b), F minor (4b), F major (1b), F major (1b), C major (0), C major (0), C major (0), C major (0), C major (0), C minor (3b), C major (0), C major (0), C minor (3b), C major (0), Bb major (2b), Eb major (3b), C major (0), C minor (3b), C major (0), Bb major (2b), C major (0), C minor (3b), C major (0), C major (0), F# minor (3#), Eb major (3b), Bb major (2b), Eb major (3b), C major (0), Bb major (2b), F major (1b), C major (0), C major (0), C minor (3b), C major (0), F# minor (3#), B minor (2#), C# minor (4#), Bb major (2b), F major (1b), C major (0), C minor (3b), C major (0), C major (0), C major (0), C major (0), C major (0), F# minor (3#), F# major (6#), D# minor (6#), Bb major (2b), F major (1b), C major (0), C major (0), C major (0), C major (0), C major (0), C major (0), C major (0), C major (0), F major (1b), Bb major (2b), Bb major (2b), Eb major (3b), C major (0), C major (0), C major (0), Bb major (2b), C major (0), C minor (3b), C major (0), F major (1b), C major (0), F major (1b), Bb major (2b), F major (1b), C major (0), C major (0), F major (1b), Bb major (2b), C major (0), C major (0), C major (0), C major (0), C major (0), Eb major (3b), Bb major (2b), F major (1b), C major (0), C major (0), F major (1b), Bb major (2b), C major (0), C major (0), C major (0), F major (1b), Bb major (2b), Eb major (3b), Bb major (2b), F major (1b), C major (0), F major (1b), C major (0), C major (0), C major (0), C major (0), C major (0), C major (0), C major (0), C major (0), F major (1b), Bb major (2b), C major (0), C major (0), C major (0), C major (0), C major (0), C major (0), C major (0), G major (1#), C major (0), C major (0), Bb major (2b), Eb major (3b), C major (0), Bb major (2b), C major (0), A major (3#), C major (0), C minor (3b), C major (0), C major (0), F major (1b), F minor (4b), F major (1b), F major (1b), C major (0), A major (3#), F major (1b), Bb major (2b), Eb major (3b), C major (0), C major (0), C minor (3b), C major (0), Bb major (2b), F major (1b), F minor (4b), C major (0), C minor (3b), C major (0), C major (0), C major (0), C major (0), C major (0), Eb major (3b), C# minor (4#), Bb major (2b), Bb major (2b), Bb major (2b), C major (0), C major (0), F major (1b), Bb major (2b), C major (0), F major (1b), Bb major (2b), Bb major (2b), C# minor (4#), Eb major (3b), F major (1b), Bb major (2b), C major (0), C major (0), C major (0), C major (0), C major (0), F# minor (3#), F# minor (3#), C# mixolydian (7#), D# minor (6#), A# minor (7#), Bb major (2b), Bb major (2b), C major (0), B minor (2#), E minor (1#), F# minor (3#), Eb major (3b), Eb major (3b), Eb major (3b), Ab major (4b), Eb major (3b), Eb major (3b), Eb major (3b), Bb major (2b), C major (0), C major (0), C major (0), C major (0), C major (0), C major (0), C major (0), C major (0), B minor (2#), G# minor (5#), Eb major (3b), C# minor (4#), B minor (2#), G# minor (5#), F major (1b), Bb major (2b), C major (0), C major (0), C major (0), C major (0), Eb major (3b), Bb major (2b), F major (1b), Bb major (2b), C major (0), C major (0), C major (0), C major (0), Bb major (2b), C major (0), B minor (2#), G# minor (5#), D# minor (6#), D# minor (6#), Bb major (2b), F major (1b), C major (0), C major (0), C major (0), C major (0), C major (0), C major (0), Eb major (3b), Eb major (3b), Eb major (3b), C major (0), Bb major (2b), Eb major (3b), C major (0), C major (0), C major (0), A major (3#), C major (0), C major (0), C major (0), Eb major (3b)
Eb minor mel (6b),  ,  ,  ,  ,  ,  ,  ,  ,  ,  ,  ,  ,  ,  ,  ,  ,  ,  ,  ,  ,  ,  ,  ,  ,  ,  ,  ,  ,  ,  ,  ,  ,  ,  ,  ,  ,  ,  ,  ,  ,  ,  ,  ,  ,  ,  ,  ,  ,  ,  ,  ,  ,  ,  ,  ,  ,  ,  ,  ,  ,  ,  ,  ,  ,  ,  ,  ,  ,  ,  ,  ,  ,  ,  ,  ,  ,  ,  ,  ,  ,  ,  ,  ,  ,  ,  ,  ,  ,  ,  ,  ,  ,  ,  ,  ,  ,  ,  ,  ,  ,  ,  ,  ,  ,  ,  ,  ,  ,  ,  ,  ,  ,  ,  ,  ,  ,  ,  ,  ,  ,  ,  ,  ,  ,  ,  ,  ,  ,  ,  ,  ,  ,  ,  ,  ,  ,  ,  ,  ,  ,  ,  ,  ,  ,  ,  ,  ,  ,  ,  ,  ,  ,  ,  ,  ,  ,  ,  ,  ,  ,  ,  ,  ,  ,  ,  ,  ,  ,  ,  ,  ,  ,  ,  ,  ,  ,  ,  ,  ,  ,  ,  ,  ,  ,  ,  ,  ,  ,  ,  ,  ,  ,  ,  ,  ,  ,  ,  ,  ,  ,  ,  ,  ,  ,  ,  ,  ,  ,  ,  ,  ,  ,  ,  ,  ,  ,  ,  ,  ,  ,  ,  ,  ,  ,  ,  ,  ,  ,  ,  ,  ,  ,  ,  ,  ,  ,  ,  ,  ,  ,  ,  ,  ,  ,  ,  ,  ,  ,  ,  ,  ,  ,  ,  ,  ,  ,  ,  ,  ,  ,  ,  ,  ,  ,  ,  ,  ,  ,  ,  ,  ,  ,  ,  ,  ,  ,  ,  ,  ,  ,  ,  ,  ,  ,  ,  ,  ,  ,  ,  ,  
D# minor mel (6#),  ,  ,  ,  ,  ,  ,  ,  ,  ,  ,  ,  ,  ,  ,  ,  ,  ,  ,  ,  ,  ,  ,  ,  ,  ,  ,  ,  ,  ,  ,  ,  ,  ,  ,  ,  ,  ,  ,  ,  ,  ,  ,  ,  ,  ,  ,  ,  ,  ,  ,  ,  ,  ,  ,  ,  ,  ,  ,  ,  ,  ,  ,  ,  ,  ,  ,  ,  ,  ,  ,  ,  ,  ,  ,  ,  ,  ,  ,  ,  ,  ,  ,  ,  ,  ,  ,  ,  ,  ,  ,  ,  ,  ,  ,  ,  ,  ,  ,  ,  ,  ,  ,  ,  ,  ,  ,  ,  ,  ,  ,  ,  ,  ,  ,  ,  ,  ,  ,  ,  ,  ,  ,  ,  ,  ,  ,  ,  ,  ,  ,  ,  ,  ,  ,  ,  ,  ,  ,  ,  ,  ,  ,  ,  ,  ,  ,  ,  ,  ,  ,  ,  ,  ,  ,  ,  ,  ,  ,  ,  ,  ,  ,  ,  ,  ,  ,  ,  ,  ,  ,  ,  ,  ,  ,  ,  ,  ,  ,  ,  ,  ,  ,  ,  ,  ,  ,  ,  ,  ,  ,  ,  ,  ,  ,  ,  ,  ,  ,  ,  ,  ,  ,  ,  ,  ,  ,  ,  ,  ,  ,  ,  ,  ,  ,  ,  ,  ,  ,  ,  ,  ,  ,  ,  ,  ,  ,  ,  ,  ,  ,  ,  ,  ,  ,  ,  ,  ,  ,  ,  ,  ,  ,  ,  ,  ,  ,  ,  ,  ,  ,  ,  ,  ,  ,  ,  ,  ,  ,  ,  ,  ,  ,  ,  ,  ,  ,  ,  ,  ,  ,  ,  ,  ,  ,  ,  ,  ,  ,  ,  ,  ,  ,  ,  ,  ,  ,  ,  ,  ,  ,  
Gb major blues (6b),  ,  ,  ,  ,  ,  ,  ,  ,  ,  ,  ,  ,  ,  ,  ,  ,  ,  ,  ,  ,  ,  ,  ,  ,  ,  ,  ,  ,  ,  ,  ,  ,  ,  ,  ,  ,  ,  ,  ,  ,  ,  ,  ,  ,  ,  ,  ,  ,  ,  ,  ,  ,  ,  ,  ,  ,  ,  ,  ,  ,  ,  ,  ,  ,  ,  ,  ,  ,  ,  ,  ,  ,  ,  ,  ,  ,  ,  ,  ,  ,  ,  ,  ,  ,  ,  ,  ,  ,  ,  ,  ,  ,  ,  ,  ,  ,  ,  ,  ,  ,  ,  ,  ,  ,  ,  ,  ,  ,  ,  ,  ,  ,  ,  ,  ,  ,  ,  ,  ,  ,  ,  ,  ,  ,  ,  ,  ,  ,  ,  ,  ,  ,  ,  ,  ,  ,  ,  ,  ,  ,  ,  ,  ,  ,  ,  ,  ,  ,  ,  ,  ,  ,  ,  ,  ,  ,  ,  ,  ,  ,  ,  ,  ,  ,  ,  ,  ,  ,  ,  ,  ,  ,  ,  ,  ,  ,  ,  ,  ,  ,  ,  ,  ,  ,  ,  ,  ,  ,  ,  ,  ,  ,  ,  ,  ,  ,  ,  ,  ,  ,  ,  ,  ,  ,  ,  ,  ,  ,  ,  ,  ,  ,  ,  ,  ,  ,  ,  ,  ,  ,  ,  ,  ,  ,  ,  ,  ,  ,  ,  ,  ,  ,  ,  ,  ,  ,  ,  ,  ,  ,  ,  ,  ,  ,  ,  ,  ,  ,  ,  ,  ,  ,  ,  ,  ,  ,  ,  ,  ,  ,  ,  ,  ,  ,  ,  ,  ,  ,  ,  ,  ,  ,  ,  ,  ,  ,  ,  ,  ,  ,  ,  ,  ,  ,  ,  ,  ,  ,  ,  ,  
F# major blues (6#),  ,  ,  ,  ,  ,  ,  ,  ,  ,  ,  ,  ,  ,  ,  ,  ,  ,  ,  ,  ,  ,  ,  ,  ,  ,  ,  ,  ,  ,  ,  ,  ,  ,  ,  ,  ,  ,  ,  ,  ,  ,  ,  ,  ,  ,  ,  ,  ,  ,  ,  ,  ,  ,  ,  ,  ,  ,  ,  ,  ,  ,  ,  ,  ,  ,  ,  ,  ,  ,  ,  ,  ,  ,  ,  ,  ,  ,  ,  ,  ,  ,  ,  ,  ,  ,  ,  ,  ,  ,  ,  ,  ,  ,  ,  ,  ,  ,  ,  ,  ,  ,  ,  ,  ,  ,  ,  ,  ,  ,  ,  ,  ,  ,  ,  ,  ,  ,  ,  ,  ,  ,  ,  ,  ,  ,  ,  ,  ,  ,  ,  ,  ,  ,  ,  ,  ,  ,  ,  ,  ,  ,  ,  ,  ,  ,  ,  ,  ,  ,  ,  ,  ,  ,  ,  ,  ,  ,  ,  ,  ,  ,  ,  ,  ,  ,  ,  ,  ,  ,  ,  ,  ,  ,  ,  ,  ,  ,  ,  ,  ,  ,  ,  ,  ,  ,  ,  ,  ,  ,  ,  ,  ,  ,  ,  ,  ,  ,  ,  ,  ,  ,  ,  ,  ,  ,  ,  ,  ,  ,  ,  ,  ,  ,  ,  ,  ,  ,  ,  ,  ,  ,  ,  ,  ,  ,  ,  ,  ,  ,  ,  ,  ,  ,  ,  ,  ,  ,  ,  ,  ,  ,  ,  ,  ,  ,  ,  ,  ,  ,  ,  ,  ,  ,  ,  ,  ,  ,  ,  ,  ,  ,  ,  ,  ,  ,  ,  ,  ,  ,  ,  ,  ,  ,  ,  ,  ,  ,  ,  ,  ,  ,  ,  ,  ,  ,  ,  ,  ,  ,  ,  
Eb minor blues (6b),  ,  ,  ,  ,  ,  ,  ,  ,  ,  ,  ,  ,  ,  ,  ,  ,  ,  ,  ,  ,  ,  ,  ,  ,  ,  ,  ,  ,  ,  ,  ,  ,  ,  ,  ,  ,  ,  ,  ,  ,  ,  ,  ,  ,  ,  ,  ,  ,  ,  ,  ,  ,  ,  ,  ,  ,  ,  ,  ,  ,  ,  ,  ,  ,  ,  ,  ,  ,  ,  ,  ,  ,  ,  ,  ,  ,  ,  ,  ,  ,  ,  ,  ,  ,  ,  ,  ,  ,  ,  ,  ,  ,  ,  ,  ,  ,  ,  ,  ,  ,  ,  ,  ,  ,  ,  ,  ,  ,  ,  ,  ,  ,  ,  ,  ,  ,  ,  ,  ,  ,  ,  ,  ,  ,  ,  ,  ,  ,  ,  ,  ,  ,  ,  ,  ,  ,  ,  ,  ,  ,  ,  ,  ,  ,  ,  ,  ,  ,  ,  ,  ,  ,  ,  ,  ,  ,  ,  ,  ,  ,  ,  ,  ,  ,  ,  ,  ,  ,  ,  ,  ,  ,  ,  ,  ,  ,  ,  ,  ,  ,  ,  ,  ,  ,  ,  ,  ,  ,  ,  ,  ,  ,  ,  ,  ,  ,  ,  ,  ,  ,  ,  ,  ,  ,  ,  ,  ,  ,  ,  ,  ,  ,  ,  ,  ,  ,  ,  ,  ,  ,  ,  ,  ,  ,  ,  ,  ,  ,  ,  ,  ,  ,  ,  ,  ,  ,  ,  ,  ,  ,  ,  ,  ,  ,  ,  ,  ,  ,  ,  ,  ,  ,  ,  ,  ,  ,  ,  ,  ,  ,  ,  ,  ,  ,  ,  ,  ,  ,  ,  ,  ,  ,  ,  ,  ,  ,  ,  ,  ,  ,  ,  ,  ,  ,  ,  ,  ,  ,  ,  ,  
D# minor blues (6#),  ,  ,  ,  ,  ,  ,  ,  ,  ,  ,  ,  ,  ,  ,  ,  ,  ,  ,  ,  ,  ,  ,  ,  ,  ,  ,  ,  ,  ,  ,  ,  ,  ,  ,  ,  ,  ,  ,  ,  ,  ,  ,  ,  ,  ,  ,  ,  ,  ,  ,  ,  ,  ,  ,  ,  ,  ,  ,  ,  ,  ,  ,  ,  ,  ,  ,  ,  ,  ,  ,  ,  ,  ,  ,  ,  ,  ,  ,  ,  ,  ,  ,  ,  ,  ,  ,  ,  ,  ,  ,  ,  ,  ,  ,  ,  ,  ,  ,  ,  ,  ,  ,  ,  ,  ,  ,  ,  ,  ,  ,  ,  ,  ,  ,  ,  ,  ,  ,  ,  ,  ,  ,  ,  ,  ,  ,  ,  ,  ,  ,  ,  ,  ,  ,  ,  ,  ,  ,  ,  ,  ,  ,  ,  ,  ,  ,  ,  ,  ,  ,  ,  ,  ,  ,  ,  ,  ,  ,  ,  ,  ,  ,  ,  ,  ,  ,  ,  ,  ,  ,  ,  ,  ,  ,  ,  ,  ,  ,  ,  ,  ,  ,  ,  ,  ,  ,  ,  ,  ,  ,  ,  ,  ,  ,  ,  ,  ,  ,  ,  ,  ,  ,  ,  ,  ,  ,  ,  ,  ,  ,  ,  ,  ,  ,  ,  ,  ,  ,  ,  ,  ,  ,  ,  ,  ,  ,  ,  ,  ,  ,  ,  ,  ,  ,  ,  ,  ,  ,  ,  ,  ,  ,  ,  ,  ,  ,  ,  ,  ,  ,  ,  ,  ,  ,  ,  ,  ,  ,  ,  ,  ,  ,  ,  ,  ,  ,  ,  ,  ,  ,  ,  ,  ,  ,  ,  ,  ,  ,  ,  ,  ,  ,  ,  ,  ,  ,  ,  ,  ,  ,  
Gb dorian (6b),  ,  ,  ,  ,  ,  ,  ,  ,  ,  ,  ,  ,  ,  ,  ,  ,  ,  ,  ,  ,  ,  ,  ,  ,  ,  ,  ,  ,  ,  ,  ,  ,  ,  ,  ,  ,  ,  ,  ,  ,  ,  ,  ,  ,  ,  ,  ,  ,  ,  ,  ,  ,  ,  ,  ,  ,  ,  ,  ,  ,  ,  ,  ,  ,  ,  ,  ,  ,  ,  ,  ,  ,  ,  ,  ,  ,  ,  ,  ,  ,  ,  ,  ,  ,  ,  ,  ,  ,  ,  ,  ,  ,  ,  ,  ,  ,  ,  ,  ,  ,  ,  ,  ,  ,  ,  ,  ,  ,  ,  ,  ,  ,  ,  ,  ,  ,  ,  ,  ,  ,  ,  ,  ,  ,  ,  ,  ,  ,  ,  ,  ,  ,  ,  ,  ,  ,  ,  ,  ,  ,  ,  ,  ,  ,  ,  ,  ,  ,  ,  ,  ,  ,  ,  ,  ,  ,  ,  ,  ,  ,  ,  ,  ,  ,  ,  ,  ,  ,  ,  ,  ,  ,  ,  ,  ,  ,  ,  ,  ,  ,  ,  ,  ,  ,  ,  ,  ,  ,  ,  ,  ,  ,  ,  ,  ,  ,  ,  ,  ,  ,  ,  ,  ,  ,  ,  ,  ,  ,  ,  ,  ,  ,  ,  ,  ,  ,  ,  ,  ,  ,  ,  ,  ,  ,  ,  ,  ,  ,  ,  ,  ,  ,  ,  ,  ,  ,  ,  ,  ,  ,  ,  ,  ,  ,  ,  ,  ,  ,  ,  ,  ,  ,  ,  ,  ,  ,  ,  ,  ,  ,  ,  ,  ,  ,  ,  ,  ,  ,  ,  ,  ,  ,  ,  ,  ,  ,  ,  ,  ,  ,  ,  ,  ,  ,  ,  ,  ,  ,  ,  ,  
F# dorian (6#),  ,  ,  ,  ,  ,  ,  ,  ,  ,  ,  ,  ,  ,  ,  ,  ,  ,  ,  ,  ,  ,  ,  ,  ,  ,  ,  ,  ,  ,  ,  ,  ,  ,  ,  ,  ,  ,  ,  ,  ,  ,  ,  ,  ,  ,  ,  ,  ,  ,  ,  ,  ,  ,  ,  ,  ,  ,  ,  ,  ,  ,  ,  ,  ,  ,  ,  ,  ,  ,  ,  ,  ,  ,  ,  ,  ,  ,  ,  ,  ,  ,  ,  ,  ,  ,  ,  ,  ,  ,  ,  ,  ,  ,  ,  ,  ,  ,  ,  ,  ,  ,  ,  ,  ,  ,  ,  ,  ,  ,  ,  ,  ,  ,  ,  ,  ,  ,  ,  ,  ,  ,  ,  ,  ,  ,  ,  ,  ,  ,  ,  ,  ,  ,  ,  ,  ,  ,  ,  ,  ,  ,  ,  ,  ,  ,  ,  ,  ,  ,  ,  ,  ,  ,  ,  ,  ,  ,  ,  ,  ,  ,  ,  ,  ,  ,  ,  ,  ,  ,  ,  ,  ,  ,  ,  ,  ,  ,  ,  ,  ,  ,  ,  ,  ,  ,  ,  ,  ,  ,  ,  ,  ,  ,  ,  ,  ,  ,  ,  ,  ,  ,  ,  ,  ,  ,  ,  ,  ,  ,  ,  ,  ,  ,  ,  ,  ,  ,  ,  ,  ,  ,  ,  ,  ,  ,  ,  ,  ,  ,  ,  ,  ,  ,  ,  ,  ,  ,  ,  ,  ,  ,  ,  ,  ,  ,  ,  ,  ,  ,  ,  ,  ,  ,  ,  ,  ,  ,  ,  ,  ,  ,  ,  ,  ,  ,  ,  ,  ,  ,  ,  ,  ,  ,  ,  ,  ,  ,  ,  ,  ,  ,  ,  ,  ,  ,  ,  ,  ,  ,  ,  
Gb phrygian (6b),  ,  ,  ,  ,  ,  ,  ,  ,  ,  ,  ,  ,  ,  ,  ,  ,  ,  ,  ,  ,  ,  ,  ,  ,  ,  ,  ,  ,  ,  ,  ,  ,  ,  ,  ,  ,  ,  ,  ,  ,  ,  ,  ,  ,  ,  ,  ,  ,  ,  ,  ,  ,  ,  ,  ,  ,  ,  ,  ,  ,  ,  ,  ,  ,  ,  ,  ,  ,  ,  ,  ,  ,  ,  ,  ,  ,  ,  ,  ,  ,  ,  ,  ,  ,  ,  ,  ,  ,  ,  ,  ,  ,  ,  ,  ,  ,  ,  ,  ,  ,  ,  ,  ,  ,  ,  ,  ,  ,  ,  ,  ,  ,  ,  ,  ,  ,  ,  ,  ,  ,  ,  ,  ,  ,  ,  ,  ,  ,  ,  ,  ,  ,  ,  ,  ,  ,  ,  ,  ,  ,  ,  ,  ,  ,  ,  ,  ,  ,  ,  ,  ,  ,  ,  ,  ,  ,  ,  ,  ,  ,  ,  ,  ,  ,  ,  ,  ,  ,  ,  ,  ,  ,  ,  ,  ,  ,  ,  ,  ,  ,  ,  ,  ,  ,  ,  ,  ,  ,  ,  ,  ,  ,  ,  ,  ,  ,  ,  ,  ,  ,  ,  ,  ,  ,  ,  ,  ,  ,  ,  ,  ,  ,  ,  ,  ,  ,  ,  ,  ,  ,  ,  ,  ,  ,  ,  ,  ,  ,  ,  ,  ,  ,  ,  ,  ,  ,  ,  ,  ,  ,  ,  ,  ,  ,  ,  ,  ,  ,  ,  ,  ,  ,  ,  ,  ,  ,  ,  ,  ,  ,  ,  ,  ,  ,  ,  ,  ,  ,  ,  ,  ,  ,  ,  ,  ,  ,  ,  ,  ,  ,  ,  ,  ,  ,  ,  ,  ,  ,  ,  ,  
F# phrygian (6#),  ,  ,  ,  ,  ,  ,  ,  ,  ,  ,  ,  ,  ,  ,  ,  ,  ,  ,  ,  ,  ,  ,  ,  ,  ,  ,  ,  ,  ,  ,  ,  ,  ,  ,  ,  ,  ,  ,  ,  ,  ,  ,  ,  ,  ,  ,  ,  ,  ,  ,  ,  ,  ,  ,  ,  ,  ,  ,  ,  ,  ,  ,  ,  ,  ,  ,  ,  ,  ,  ,  ,  ,  ,  ,  ,  ,  ,  ,  ,  ,  ,  ,  ,  ,  ,  ,  ,  ,  ,  ,  ,  ,  ,  ,  ,  ,  ,  ,  ,  ,  ,  ,  ,  ,  ,  ,  ,  ,  ,  ,  ,  ,  ,  ,  ,  ,  ,  ,  ,  ,  ,  ,  ,  ,  ,  ,  ,  ,  ,  ,  ,  ,  ,  ,  ,  ,  ,  ,  ,  ,  ,  ,  ,  ,  ,  ,  ,  ,  ,  ,  ,  ,  ,  ,  ,  ,  ,  ,  ,  ,  ,  ,  ,  ,  ,  ,  ,  ,  ,  ,  ,  ,  ,  ,  ,  ,  ,  ,  ,  ,  ,  ,  ,  ,  ,  ,  ,  ,  ,  ,  ,  ,  ,  ,  ,  ,  ,  ,  ,  ,  ,  ,  ,  ,  ,  ,  ,  ,  ,  ,  ,  ,  ,  ,  ,  ,  ,  ,  ,  ,  ,  ,  ,  ,  ,  ,  ,  ,  ,  ,  ,  ,  ,  ,  ,  ,  ,  ,  ,  ,  ,  ,  ,  ,  ,  ,  ,  ,  ,  ,  ,  ,  ,  ,  ,  ,  ,  ,  ,  ,  ,  ,  ,  ,  ,  ,  ,  ,  ,  ,  ,  ,  ,  ,  ,  ,  ,  ,  ,  ,  ,  ,  ,  ,  ,  ,  ,  ,  ,  ,  
Gb lydian (6b),  ,  ,  ,  ,  ,  ,  ,  ,  ,  ,  ,  ,  ,  ,  ,  ,  ,  ,  ,  ,  ,  ,  ,  ,  ,  ,  ,  ,  ,  ,  ,  ,  ,  ,  ,  ,  ,  ,  ,  ,  ,  ,  ,  ,  ,  ,  ,  ,  ,  ,  ,  ,  ,  ,  ,  ,  ,  ,  ,  ,  ,  ,  ,  ,  ,  ,  ,  ,  ,  ,  ,  ,  ,  ,  ,  ,  ,  ,  ,  ,  ,  ,  ,  ,  ,  ,  ,  ,  ,  ,  ,  ,  ,  ,  ,  ,  ,  ,  ,  ,  ,  ,  ,  ,  ,  ,  ,  ,  ,  ,  ,  ,  ,  ,  ,  ,  ,  ,  ,  ,  ,  ,  ,  ,  ,  ,  ,  ,  ,  ,  ,  ,  ,  ,  ,  ,  ,  ,  ,  ,  ,  ,  ,  ,  ,  ,  ,  ,  ,  ,  ,  ,  ,  ,  ,  ,  ,  ,  ,  ,  ,  ,  ,  ,  ,  ,  ,  ,  ,  ,  ,  ,  ,  ,  ,  ,  ,  ,  ,  ,  ,  ,  ,  ,  ,  ,  ,  ,  ,  ,  ,  ,  ,  ,  ,  ,  ,  ,  ,  ,  ,  ,  ,  ,  ,  ,  ,  ,  ,  ,  ,  ,  ,  ,  ,  ,  ,  ,  ,  ,  ,  ,  ,  ,  ,  ,  ,  ,  ,  ,  ,  ,  ,  ,  ,  ,  ,  ,  ,  ,  ,  ,  ,  ,  ,  ,  ,  ,  ,  ,  ,  ,  ,  ,  ,  ,  ,  ,  ,  ,  ,  ,  ,  ,  ,  ,  ,  ,  ,  ,  ,  ,  ,  ,  ,  ,  ,  ,  ,  ,  ,  ,  ,  ,  ,  ,  ,  ,  ,  ,  
F# lydian (6#),  ,  ,  ,  ,  ,  ,  ,  ,  ,  ,  ,  ,  ,  ,  ,  ,  ,  ,  ,  ,  ,  ,  ,  ,  ,  ,  ,  ,  ,  ,  ,  ,  ,  ,  ,  ,  ,  ,  ,  ,  ,  ,  ,  ,  ,  ,  ,  ,  ,  ,  ,  ,  ,  ,  ,  ,  ,  ,  ,  ,  ,  ,  ,  ,  ,  ,  ,  ,  ,  ,  ,  ,  ,  ,  ,  ,  ,  ,  ,  ,  ,  ,  ,  ,  ,  ,  ,  ,  ,  ,  ,  ,  ,  ,  ,  ,  ,  ,  ,  ,  ,  ,  ,  ,  ,  ,  ,  ,  ,  ,  ,  ,  ,  ,  ,  ,  ,  ,  ,  ,  ,  ,  ,  ,  ,  ,  ,  ,  ,  ,  ,  ,  ,  ,  ,  ,  ,  ,  ,  ,  ,  ,  ,  ,  ,  ,  ,  ,  ,  ,  ,  ,  ,  ,  ,  ,  ,  ,  ,  ,  ,  ,  ,  ,  ,  ,  ,  ,  ,  ,  ,  ,  ,  ,  ,  ,  ,  ,  ,  ,  ,  ,  ,  ,  ,  ,  ,  ,  ,  ,  ,  ,  ,  ,  ,  ,  ,  ,  ,  ,  ,  ,  ,  ,  ,  ,  ,  ,  ,  ,  ,  ,  ,  ,  ,  ,  ,  ,  ,  ,  ,  ,  ,  ,  ,  ,  ,  ,  ,  ,  ,  ,  ,  ,  ,  ,  ,  ,  ,  ,  ,  ,  ,  ,  ,  ,  ,  ,  ,  ,  ,  ,  ,  ,  ,  ,  ,  ,  ,  ,  ,  ,  ,  ,  ,  ,  ,  ,  ,  ,  ,  ,  ,  ,  ,  ,  ,  ,  ,  ,  ,  ,  ,  ,  ,  ,  ,  ,  ,  ,  
Gb mixolydian (6b),  ,  ,  ,  ,  ,  ,  ,  ,  ,  ,  ,  ,  ,  ,  ,  ,  ,  ,  ,  ,  ,  ,  ,  ,  ,  ,  ,  ,  ,  ,  ,  ,  ,  ,  ,  ,  ,  ,  ,  ,  ,  ,  ,  ,  ,  ,  ,  ,  ,  ,  ,  ,  ,  ,  ,  ,  ,  ,  ,  ,  ,  ,  ,  ,  ,  ,  ,  ,  ,  ,  ,  ,  ,  ,  ,  ,  ,  ,  ,  ,  ,  ,  ,  ,  ,  ,  ,  ,  ,  ,  ,  ,  ,  ,  ,  ,  ,  ,  ,  ,  ,  ,  ,  ,  ,  ,  ,  ,  ,  ,  ,  ,  ,  ,  ,  ,  ,  ,  ,  ,  ,  ,  ,  ,  ,  ,  ,  ,  ,  ,  ,  ,  ,  ,  ,  ,  ,  ,  ,  ,  ,  ,  ,  ,  ,  ,  ,  ,  ,  ,  ,  ,  ,  ,  ,  ,  ,  ,  ,  ,  ,  ,  ,  ,  ,  ,  ,  ,  ,  ,  ,  ,  ,  ,  ,  ,  ,  ,  ,  ,  ,  ,  ,  ,  ,  ,  ,  ,  ,  ,  ,  ,  ,  ,  ,  ,  ,  ,  ,  ,  ,  ,  ,  ,  ,  ,  ,  ,  ,  ,  ,  ,  ,  ,  ,  ,  ,  ,  ,  ,  ,  ,  ,  ,  ,  ,  ,  ,  ,  ,  ,  ,  ,  ,  ,  ,  ,  ,  ,  ,  ,  ,  ,  ,  ,  ,  ,  ,  ,  ,  ,  ,  ,  ,  ,  ,  ,  ,  ,  ,  ,  ,  ,  ,  ,  ,  ,  ,  ,  ,  ,  ,  ,  ,  ,  ,  ,  ,  ,  ,  ,  ,  ,  ,  ,  ,  ,  ,  ,  ,  
F# mixolydian (6#),  ,  ,  ,  ,  ,  ,  ,  ,  ,  ,  ,  ,  ,  ,  ,  ,  ,  ,  ,  ,  ,  ,  ,  ,  ,  ,  ,  ,  ,  ,  ,  ,  ,  ,  ,  ,  ,  ,  ,  ,  ,  ,  ,  ,  ,  ,  ,  ,  ,  ,  ,  ,  ,  ,  ,  ,  ,  ,  ,  ,  ,  ,  ,  ,  ,  ,  ,  ,  ,  ,  ,  ,  ,  ,  ,  ,  ,  ,  ,  ,  ,  ,  ,  ,  ,  ,  ,  ,  ,  ,  ,  ,  ,  ,  ,  ,  ,  ,  ,  ,  ,  ,  ,  ,  ,  ,  ,  ,  ,  ,  ,  ,  ,  ,  ,  ,  ,  ,  ,  ,  ,  ,  ,  ,  ,  ,  ,  ,  ,  ,  ,  ,  ,  ,  ,  ,  ,  ,  ,  ,  ,  ,  ,  ,  ,  ,  ,  ,  ,  ,  ,  ,  ,  ,  ,  ,  ,  ,  ,  ,  ,  ,  ,  ,  ,  ,  ,  ,  ,  ,  ,  ,  ,  ,  ,  ,  ,  ,  ,  ,  ,  ,  ,  ,  ,  ,  ,  ,  ,  ,  ,  ,  ,  ,  ,  ,  ,  ,  ,  ,  ,  ,  ,  ,  ,  ,  ,  ,  ,  ,  ,  ,  ,  ,  ,  ,  ,  ,  ,  ,  ,  ,  ,  ,  ,  ,  ,  ,  ,  ,  ,  ,  ,  ,  ,  ,  ,  ,  ,  ,  ,  ,  ,  ,  ,  ,  ,  ,  ,  ,  ,  ,  ,  ,  ,  ,  ,  ,  ,  ,  ,  ,  ,  ,  ,  ,  ,  ,  ,  ,  ,  ,  ,  ,  ,  ,  ,  ,  ,  ,  ,  ,  ,  ,  ,  ,  ,  ,  ,  ,  
Gb aeolian (6b),  ,  ,  ,  ,  ,  ,  ,  ,  ,  ,  ,  ,  ,  ,  ,  ,  ,  ,  ,  ,  ,  ,  ,  ,  ,  ,  ,  ,  ,  ,  ,  ,  ,  ,  ,  ,  ,  ,  ,  ,  ,  ,  ,  ,  ,  ,  ,  ,  ,  ,  ,  ,  ,  ,  ,  ,  ,  ,  ,  ,  ,  ,  ,  ,  ,  ,  ,  ,  ,  ,  ,  ,  ,  ,  ,  ,  ,  ,  ,  ,  ,  ,  ,  ,  ,  ,  ,  ,  ,  ,  ,  ,  ,  ,  ,  ,  ,  ,  ,  ,  ,  ,  ,  ,  ,  ,  ,  ,  ,  ,  ,  ,  ,  ,  ,  ,  ,  ,  ,  ,  ,  ,  ,  ,  ,  ,  ,  ,  ,  ,  ,  ,  ,  ,  ,  ,  ,  ,  ,  ,  ,  ,  ,  ,  ,  ,  ,  ,  ,  ,  ,  ,  ,  ,  ,  ,  ,  ,  ,  ,  ,  ,  ,  ,  ,  ,  ,  ,  ,  ,  ,  ,  ,  ,  ,  ,  ,  ,  ,  ,  ,  ,  ,  ,  ,  ,  ,  ,  ,  ,  ,  ,  ,  ,  ,  ,  ,  ,  ,  ,  ,  ,  ,  ,  ,  ,  ,  ,  ,  ,  ,  ,  ,  ,  ,  ,  ,  ,  ,  ,  ,  ,  ,  ,  ,  ,  ,  ,  ,  ,  ,  ,  ,  ,  ,  ,  ,  ,  ,  ,  ,  ,  ,  ,  ,  ,  ,  ,  ,  ,  ,  ,  ,  ,  ,  ,  ,  ,  ,  ,  ,  ,  ,  ,  ,  ,  ,  ,  ,  ,  ,  ,  ,  ,  ,  ,  ,  ,  ,  ,  ,  ,  ,  ,  ,  ,  ,  ,  ,  ,  
F# aeolian (6#),  ,  ,  ,  ,  ,  ,  ,  ,  ,  ,  ,  ,  ,  ,  ,  ,  ,  ,  ,  ,  ,  ,  ,  ,  ,  ,  ,  ,  ,  ,  ,  ,  ,  ,  ,  ,  ,  ,  ,  ,  ,  ,  ,  ,  ,  ,  ,  ,  ,  ,  ,  ,  ,  ,  ,  ,  ,  ,  ,  ,  ,  ,  ,  ,  ,  ,  ,  ,  ,  ,  ,  ,  ,  ,  ,  ,  ,  ,  ,  ,  ,  ,  ,  ,  ,  ,  ,  ,  ,  ,  ,  ,  ,  ,  ,  ,  ,  ,  ,  ,  ,  ,  ,  ,  ,  ,  ,  ,  ,  ,  ,  ,  ,  ,  ,  ,  ,  ,  ,  ,  ,  ,  ,  ,  ,  ,  ,  ,  ,  ,  ,  ,  ,  ,  ,  ,  ,  ,  ,  ,  ,  ,  ,  ,  ,  ,  ,  ,  ,  ,  ,  ,  ,  ,  ,  ,  ,  ,  ,  ,  ,  ,  ,  ,  ,  ,  ,  ,  ,  ,  ,  ,  ,  ,  ,  ,  ,  ,  ,  ,  ,  ,  ,  ,  ,  ,  ,  ,  ,  ,  ,  ,  ,  ,  ,  ,  ,  ,  ,  ,  ,  ,  ,  ,  ,  ,  ,  ,  ,  ,  ,  ,  ,  ,  ,  ,  ,  ,  ,  ,  ,  ,  ,  ,  ,  ,  ,  ,  ,  ,  ,  ,  ,  ,  ,  ,  ,  ,  ,  ,  ,  ,  ,  ,  ,  ,  ,  ,  ,  ,  ,  ,  ,  ,  ,  ,  ,  ,  ,  ,  ,  ,  ,  ,  ,  ,  ,  ,  ,  ,  ,  ,  ,  ,  ,  ,  ,  ,  ,  ,  ,  ,  ,  ,  ,  ,  ,  ,  ,  ,  
Gb locrian (6b),  ,  ,  ,  ,  ,  ,  ,  ,  ,  ,  ,  ,  ,  ,  ,  ,  ,  ,  ,  ,  ,  ,  ,  ,  ,  ,  ,  ,  ,  ,  ,  ,  ,  ,  ,  ,  ,  ,  ,  ,  ,  ,  ,  ,  ,  ,  ,  ,  ,  ,  ,  ,  ,  ,  ,  ,  ,  ,  ,  ,  ,  ,  ,  ,  ,  ,  ,  ,  ,  ,  ,  ,  ,  ,  ,  ,  ,  ,  ,  ,  ,  ,  ,  ,  ,  ,  ,  ,  ,  ,  ,  ,  ,  ,  ,  ,  ,  ,  ,  ,  ,  ,  ,  ,  ,  ,  ,  ,  ,  ,  ,  ,  ,  ,  ,  ,  ,  ,  ,  ,  ,  ,  ,  ,  ,  ,  ,  ,  ,  ,  ,  ,  ,  ,  ,  ,  ,  ,  ,  ,  ,  ,  ,  ,  ,  ,  ,  ,  ,  ,  ,  ,  ,  ,  ,  ,  ,  ,  ,  ,  ,  ,  ,  ,  ,  ,  ,  ,  ,  ,  ,  ,  ,  ,  ,  ,  ,  ,  ,  ,  ,  ,  ,  ,  ,  ,  ,  ,  ,  ,  ,  ,  ,  ,  ,  ,  ,  ,  ,  ,  ,  ,  ,  ,  ,  ,  ,  ,  ,  ,  ,  ,  ,  ,  ,  ,  ,  ,  ,  ,  ,  ,  ,  ,  ,  ,  ,  ,  ,  ,  ,  ,  ,  ,  ,  ,  ,  ,  ,  ,  ,  ,  ,  ,  ,  ,  ,  ,  ,  ,  ,  ,  ,  ,  ,  ,  ,  ,  ,  ,  ,  ,  ,  ,  ,  ,  ,  ,  ,  ,  ,  ,  ,  ,  ,  ,  ,  ,  ,  ,  ,  ,  ,  ,  ,  ,  ,  ,  ,  ,  
F# locrian (6#),  ,  ,  ,  ,  ,  ,  ,  ,  ,  ,  ,  ,  ,  ,  ,  ,  ,  ,  ,  ,  ,  ,  ,  ,  ,  ,  ,  ,  ,  ,  ,  ,  ,  ,  ,  ,  ,  ,  ,  ,  ,  ,  ,  ,  ,  ,  ,  ,  ,  ,  ,  ,  ,  ,  ,  ,  ,  ,  ,  ,  ,  ,  ,  ,  ,  ,  ,  ,  ,  ,  ,  ,  ,  ,  ,  ,  ,  ,  ,  ,  ,  ,  ,  ,  ,  ,  ,  ,  ,  ,  ,  ,  ,  ,  ,  ,  ,  ,  ,  ,  ,  ,  ,  ,  ,  ,  ,  ,  ,  ,  ,  ,  ,  ,  ,  ,  ,  ,  ,  ,  ,  ,  ,  ,  ,  ,  ,  ,  ,  ,  ,  ,  ,  ,  ,  ,  ,  ,  ,  ,  ,  ,  ,  ,  ,  ,  ,  ,  ,  ,  ,  ,  ,  ,  ,  ,  ,  ,  ,  ,  ,  ,  ,  ,  ,  ,  ,  ,  ,  ,  ,  ,  ,  ,  ,  ,  ,  ,  ,  ,  ,  ,  ,  ,  ,  ,  ,  ,  ,  ,  ,  ,  ,  ,  ,  ,  ,  ,  ,  ,  ,  ,  ,  ,  ,  ,  ,  ,  ,  ,  ,  ,  ,  ,  ,  ,  ,  ,  ,  ,  ,  ,  ,  ,  ,  ,  ,  ,  ,  ,  ,  ,  ,  ,  ,  ,  ,  ,  ,  ,  ,  ,  ,  ,  ,  ,  ,  ,  ,  ,  ,  ,  ,  ,  ,  ,  ,  ,  ,  ,  ,  ,  ,  ,  ,  ,  ,  ,  ,  ,  ,  ,  ,  ,  ,  ,  ,  ,  ,  ,  ,  ,  ,  ,  ,  ,  ,  ,  ,  ,  
Cb major (7b), B minor (2#), B minor (2#), B minor (2#), B minor (2#), B minor (2#), D minor (1b), B minor (2#), B minor (2#), D minor (1b), D minor (1b), E minor (1#), B minor (2#), B minor (2#), B minor (2#), B minor (2#), B minor (2#), B minor (2#), D minor (1b), B minor (2#), B minor (2#), D minor (1b), D minor (1b), A major (3#), B minor (2#), B minor (2#), E minor (1#), B minor (2#), B minor (2#), B major (5#), G dorian (1#), E lydian (4#), C dorian (0), E major (4#), E minor (1#), E minor (1#), B minor (2#), B minor (2#), G dorian (1#), G dorian (1#), E lydian (4#), F# lydian (6#), C dorian (0), E minor (1#), C dorian (0), A lydian (3#), E minor (1#), E minor (1#), E minor (1#), E minor (1#), B minor (2#), B minor (2#), B minor (2#), B minor (2#), D minor (1b), B minor (2#), B minor (2#), E minor (1#), E minor (1#), E minor (1#), B minor (2#), E minor (1#), B minor (2#), E minor (1#), B minor (2#), B minor (2#), D minor (1b), D minor (1b), A minor (0), A minor (0), E minor (1#), E minor (1#), E minor (1#), B minor (2#), E minor (1#), B minor (2#), E minor (1#), A major (3#), D minor (1b), D minor (1b), A minor (0), A minor (0), E minor (1#), E minor (1#), B minor (2#), B minor (2#), B minor (2#), A phrygian (3#), F# mixolydian (6#), E lydian (4#), C dorian (0), E lydian (4#), B minor (2#), B minor (2#), E minor (1#), E minor (1#), E minor (1#), E minor (1#), B minor (2#), E minor (1#), B minor (2#), D minor (1b), D minor (1b), B minor (2#), C dorian (0), A lydian (3#), E minor (1#), E minor (1#), E minor (1#), B minor (2#), B minor (2#), B major (5#), E major (4#), A minor (0), D minor (1b), D minor (1b), A minor (0), A minor (0), E minor (1#), E minor (1#), B minor (2#), B minor (2#), B minor (2#), E minor (1#), E minor (1#), A minor (0), D minor (1b), D minor (1b), D major (2#), E major (4#), E minor (1#), E minor (1#), E minor (1#), B minor (2#), B minor (2#), B minor (2#), D minor (1b), D major (2#), D minor (1b), D minor (1b), A minor (0), D minor (1b), E minor (1#), E minor (1#), B minor (2#), B minor (2#), E minor (1#), B minor (2#), B minor (2#), B minor (2#), E minor (1#), C dorian (0), C dorian (0), A lydian (3#), E minor (1#), E minor (1#), B minor (2#), B minor (2#), B minor (2#), E minor (1#), E minor (1#), A minor (0), D minor (1b), E minor (1#), B minor (2#), E major (4#), E minor (1#), A major (3#), A minor (0), B minor (2#), B minor (2#), A minor (0), E minor (1#), B major (5#), D minor (1b), D minor (1b), E minor (1#), E major (4#), E minor (1#), F# minor (3#), B minor (2#), E minor (1#), E minor (1#), B minor (2#), G dorian (1#), E lydian (4#), Ab major (4b), Ab major (4b), B minor (2#), A minor (0), E minor (1#), E minor (1#), B minor (2#), B minor (2#), B minor (2#), E minor (1#), E major (4#), E minor (1#), D minor (1b), B minor (2#), E minor (1#), A lydian (3#), G dorian (1#), G dorian (1#), G dorian (1#), E lydian (4#), C dorian (0), E major (4#), E major (4#), A lydian (3#), E minor (1#), D minor (1b), B minor (2#), B minor (2#), A minor (0), E minor (1#), B minor (2#), B minor (2#), E minor (1#), C dorian (0), F# lydian (6#), C# major (7#), Ab major (4b), Ab major (4b), B minor (2#), B minor (2#), E minor (1#), A major (3#), A minor (0), A minor (0), D minor (1b), Ab major (4b), Ab major (4b), Ab major (4b), D minor (1b), A minor (0), A minor (0), A major (3#), E minor (1#), E minor (1#), B minor (2#), B minor (2#), B minor (2#), G dorian (1#), G dorian (1#), E lydian (4#), C dorian (0), E lydian (4#), B minor (2#), B major (5#), E minor (1#), F# minor (3#), B minor (2#), E minor (1#), B minor (2#), B minor (2#), B minor (2#), E major (4#), A minor (0), D minor (1b), E minor (1#), E minor (1#), E minor (1#), E minor (1#), A minor (0), E minor (1#), B minor (2#), B minor (2#), B minor (2#), B minor (2#), E minor (1#), B major (5#), B minor (2#), A minor (0), E minor (1#), E minor (1#), B minor (2#), E minor (1#), B minor (2#), B minor (2#), B minor (2#), A minor (0), D minor (1b), D minor (1b), B minor (2#), A phrygian (3#), E minor (1#), F# minor (3#), B minor (2#), E minor (1#), B minor (2#), B minor (2#)
C# major (7#), Bb major (2b), F major (1b), Bb major (2b), Bb major (2b), Bb major (2b), Bb major (2b), Bb major (2b), F major (1b), Bb major (2b), Bb major (2b), Bb major (2b), F major (1b), Bb major (2b), F major (1b), Bb major (2b), Bb major (2b), Bb major (2b), Bb major (2b), Bb major (2b), F major (1b), Bb major (2b), Bb major (2b), C# minor (4#), Bb major (2b), Bb major (2b), F major (1b), Bb major (2b), F mixolydian (1b), Ab phrygian (4b), Bb major (2b), C# minor (4#), Bb major (2b), Ab major (4b), C# minor (4#), E minor (1#), E minor (1#), B minor (2#), E minor (1#), E minor (1#), C# minor (4#), D# minor (6#), Bb major (2b), F major (1b), A minor (0), F# minor (3#), E minor (1#), E minor (1#), E minor (1#), Bb major (2b), Eb major (3b), Eb major (3b), Ab major (4b), Ab minor (7b), Ab major (4b), Ab major (4b), F major (1b), Bb major (2b), F major (1b), Bb major (2b), F major (1b), Bb major (2b), F major (1b), F major (1b), Ab minor (7b), Eb major (3b), Bb major (2b), Bb major (2b), F major (1b), Bb major (2b), E minor (1#), E minor (1#), E minor (1#), E minor (1#), E minor (1#), B minor (2#), E minor (1#), C# minor (4#), Ab major (4b), Ab major (4b), F major (1b), F minor (4b), F major (1b), E minor (1#), B minor (2#), F# minor (3#), D dorian (2#), A dorian (3#), F# lydian (6#), A# minor (7#), Bb major (2b), Bb major (2b), E minor (1#), E minor (1#), E minor (1#), E minor (1#), E minor (1#), E minor (1#), E minor (1#), E minor (1#), E minor (1#), Bb major (2b), Bb major (2b), Bb major (2b), F major (1b), F major (1b), F major (1b), Bb major (2b), F major (1b), Ab major (4b), B minor (2#), B major (5#), C# minor (4#), Bb major (2b), Bb major (2b), F major (1b), Bb major (2b), F major (1b), F major (1b), Bb major (2b), F major (1b), F major (1b), F major (1b), F major (1b), F major (1b), Bb major (2b), Bb major (2b), Bb major (2b), E minor (1#), E major (4#), E minor (1#), E minor (1#), E minor (1#), E major (4#), E minor (1#), E minor (1#), Bb major (2b), Bb major (2b), Bb major (2b), Bb major (2b), Eb major (3b), Bb major (2b), E minor (1#), E minor (1#), E minor (1#), E minor (1#), E minor (1#), E minor (1#), E minor (1#), E minor (1#), F major (1b), Bb major (2b), F major (1b), F major (1b), E minor (1#), E minor (1#), E minor (1#), E minor (1#), B minor (2#), E minor (1#), E minor (1#), E minor (1#), G minor (2b), E minor (1#), B minor (2#), C# minor (4#), E minor (1#), F# minor (3#), Eb major (3b), Ab major (4b), Eb mixolydian (3b), F mixolydian (1b), F mixolydian (1b), Ab phrygian (4b), Bb major (2b), Bb major (2b), E minor (1#), E major (4#), E minor (1#), F# minor (3#), Eb major (3b), F# minor (3#), E minor (1#), Bb major (2b), F major (1b), Bb major (2b), F major (1b), F minor (4b), F major (1b), Bb major (2b), E minor (1#), E minor (1#), E minor (1#), E minor (1#), E minor (1#), E minor (1#), E major (4#), E minor (1#), Bb major (2b), Bb major (2b), F major (1b), F major (1b), F major (1b), Bb major (2b), F major (1b), F major (1b), Bb major (2b), Bb major (2b), C# minor (4#), Eb mixolydian (3b), F mixolydian (1b), Bb major (2b), E minor (1#), E minor (1#), A minor (0), E minor (1#), B minor (2#), F# minor (3#), E minor (1#), C# major (7#), F# major (6#), C# major (7#), Ab major (4b), Ab major (4b), B minor (2#), B minor (2#), E minor (1#), F# minor (3#), Eb major (3b), Eb major (3b), Eb major (3b), Ab major (4b), Ab major (4b), Ab major (4b), Ab major (4b), Bb major (2b), Eb major (3b), F# minor (3#), E minor (1#), E minor (1#), E minor (1#), E minor (1#), E minor (1#), E minor (1#), E minor (1#), C# minor (4#), Ab mixolydian (4b), C# minor (4#), D dorian (2#), F# lydian (6#), Bb major (2b), Bb major (2b), F mixolydian (1b), F mixolydian (1b), F mixolydian (1b), F mixolydian (1b), Eb mixolydian (3b), Cb phrygian (7b), F mixolydian (1b), Bb major (2b), E minor (1#), E minor (1#), E minor (1#), E minor (1#), G minor (2b), E minor (1#), B minor (2#), F# major (6#), F# major (6#), F# minor (3#), E minor (1#), B major (5#), B minor (2#), F# major (6#), E minor (1#), E minor (1#), E minor (1#), E minor (1#), Bb major (2b), Bb major (2b), Bb major (2b), F major (1b), Bb major (2b), Ab major (4b), B minor (2#), F# minor (3#), E minor (1#), F# minor (3#), B minor (2#), E minor (1#), B minor (2#), Ab major (4b)
Ab minor (7b), B minor (2#), B minor (2#), B minor (2#), B minor (2#), B minor (2#), E minor (1#), B minor (2#), B minor (2#), F major (1b), F major (1b), B minor (2#), B minor (2#), B minor (2#), B minor (2#), B minor (2#), B minor (2#), B minor (2#), E minor (1#), B minor (2#), B minor (2#), F major (1b), F major (1b), F# minor (3#), B minor (2#), B minor (2#), E minor (1#), B minor (2#), F major (1b), F minor (4b), F major (1b), C# minor (4#), Bb major (2b), Ab major (4b), C# minor (4#), E minor (1#), B minor (2#), B minor (2#), E minor (1#), E minor (1#), C# minor (4#), Ab major (4b), F major (1b), B minor (2#), B minor (2#), F# minor (3#), E minor (1#), E minor (1#), E minor (1#), E minor (1#), B minor (2#), B minor (2#), B minor (2#), C# minor (4#), Ab major (4b), Ab major (4b), B minor (2#), E minor (1#), B minor (2#), E minor (1#), B minor (2#), B minor (2#), B minor (2#), E minor (1#), B minor (2#), B minor (2#), F major (1b), F minor (4b), F major (1b), F major (1b), F major (1b), B minor (2#), E minor (1#), B minor (2#), E minor (1#), B minor (2#), B minor (2#), C# minor (4#), Ab major (4b), Ab major (4b), Eb major (3b), Ab major (4b), F major (1b), E minor (1#), B minor (2#), B minor (2#), B minor (2#), E lydian (4#), F# mixolydian (6#), E dorian (4#), Ab major (4b), C# minor (4#), B minor (2#), B minor (2#), E minor (1#), B minor (2#), E minor (1#), E minor (1#), B minor (2#), E minor (1#), B minor (2#), F major (1b), F major (1b), Ab major (4b), Eb major (3b), F# minor (3#), E minor (1#), E minor (1#), E minor (1#), B minor (2#), B minor (2#), G# minor (5#), G# minor (5#), F major (1b), F major (1b), F major (1b), A minor (0), F# minor (3#), E minor (1#), E minor (1#), B minor (2#), B minor (2#), B minor (2#), E minor (1#), B minor (2#), Ab major (4b), F major (1b), F major (1b), B minor (2#), F# minor (3#), B minor (2#), E minor (1#), E minor (1#), B minor (2#), B minor (2#), B minor (2#), F major (1b), F minor (4b), F major (1b), F major (1b), F major (1b), F major (1b), E minor (1#), E minor (1#), B minor (2#), B minor (2#), B minor (2#), B minor (2#), B minor (2#), B minor (2#), F major (1b), Bb major (2b), F major (1b), F major (1b), E minor (1#), B minor (2#), B minor (2#), B minor (2#), B minor (2#), E minor (1#), B minor (2#), F major (1b), F major (1b), E minor (1#), B minor (2#), C# minor (4#), E minor (1#), F# minor (3#), Eb major (3b), Ab major (4b), B minor (2#), G dorian (1#), G dorian (1#), G# minor (5#), F major (1b), F major (1b), E minor (1#), E major (4#), E minor (1#), F# minor (3#), B minor (2#), F# minor (3#), B minor (2#), B minor (2#), E minor (1#), C# minor (4#), Ab major (4b), Ab major (4b), F major (1b), Ab major (4b), B minor (2#), E minor (1#), B minor (2#), B minor (2#), B minor (2#), E minor (1#), E major (4#), E minor (1#), E minor (1#), B minor (2#), B minor (2#), F# minor (3#), E minor (1#), E minor (1#), E minor (1#), C# minor (4#), Bb major (2b), Eb major (3b), E dorian (4#), Eb major (3b), F major (1b), F major (1b), B minor (2#), B minor (2#), E minor (1#), E minor (1#), B minor (2#), B minor (2#), G dorian (1#), C# lydian (7#), F# mixolydian (6#), C# lydian (7#), Ab major (4b), Ab major (4b), B minor (2#), B minor (2#), E minor (1#), F# minor (3#), Eb major (3b), Eb major (3b), Eb major (3b), Ab major (4b), Ab major (4b), Ab major (4b), Ab major (4b), Bb major (2b), Eb major (3b), F# minor (3#), E minor (1#), B minor (2#), B minor (2#), B minor (2#), B minor (2#), E minor (1#), B minor (2#), C# minor (4#), Ab major (4b), C# minor (4#), B minor (2#), F# mixolydian (6#), B minor (2#), F# minor (3#), B minor (2#), E minor (1#), B minor (2#), B minor (2#), B minor (2#), C# minor (4#), Ab major (4b), F# mixolydian (6#), B minor (2#), B minor (2#), E minor (1#), B minor (2#), E minor (1#), B minor (2#), B minor (2#), B minor (2#), F# mixolydian (6#), E dorian (4#), G dorian (1#), G# minor (5#), B minor (2#), F# mixolydian (6#), B minor (2#), B minor (2#), B minor (2#), B minor (2#), B minor (2#), B minor (2#), B minor (2#), F# minor (3#), Ab major (4b), Ab major (4b), B minor (2#), F# minor (3#), B minor (2#), F# minor (3#), B minor (2#), E minor (1#), B minor (2#), B minor (2#)
A# minor (7#), Bb major (2b), F major (1b), Bb major (2b), Bb major (2b), Bb major (2b), F major (1b), Bb major (2b), F major (1b), Bb major (2b), F major (1b), G major (1#), F major (1b), Bb major (2b), F major (1b), Bb major (2b), Bb major (2b), Bb major (2b), F major (1b), Bb major (2b), F major (1b), Bb major (2b), F major (1b), G major (1#), F major (1b), F major (1b), F major (1b), Bb major (2b), F major (1b), F minor (4b), F major (1b), C# minor (4#), Bb major (2b), Bb major (2b), C major (0), G major (1#), F major (1b), C major (0), F major (1b), G major (1#), F major (1b), F minor (4b), F major (1b), F major (1b), F major (1b), F major (1b), C major (0), G major (1#), C major (0), F major (1b), F major (1b), F major (1b), Bb major (2b), F major (1b), F major (1b), Bb major (2b), F major (1b), Bb major (2b), F major (1b), Bb major (2b), F major (1b), Bb major (2b), F major (1b), F major (1b), Ab minor (7b), Eb major (3b), F major (1b), Bb major (2b), F major (1b), Bb major (2b), F major (1b), G major (1#), F major (1b), Bb major (2b), F major (1b), G major (1#), Bb major (2b), C# minor (4#), Bb major (2b), F major (1b), C mixolydian (0), F minor (4b), F major (1b), G major (1#), F major (1b), F major (1b), F major (1b), C# minor (4#), D# minor (6#), A# minor (7#), F major (1b), F major (1b), F major (1b), F major (1b), C major (0), G major (1#), F major (1b), C major (0), F major (1b), F major (1b), F major (1b), Bb major (2b), F major (1b), Bb major (2b), F major (1b), F major (1b), C mixolydian (0), Bb major (2b), F major (1b), Bb major (2b), F major (1b), F major (1b), C major (0), F major (1b), F major (1b), F major (1b), F major (1b), F major (1b), F major (1b), Bb major (2b), F major (1b), F major (1b), F major (1b), C major (0), F major (1b), Bb major (2b), F major (1b), F major (1b), F major (1b), F major (1b), F major (1b), Bb major (2b), F major (1b), F major (1b), F major (1b), F major (1b), F major (1b), Bb major (2b), F major (1b), F major (1b), F major (1b), F major (1b), C major (0), G major (1#), F major (1b), F major (1b), C major (0), F major (1b), F major (1b), F major (1b), F major (1b), Bb major (2b), F major (1b), F major (1b), C major (0), G major (1#), C major (0), G major (1#), C major (0), G major (1#), G major (1#), F major (1b), F major (1b), Bb major (2b), F major (1b), Bb major (2b), F major (1b), G major (1#), Bb major (2b), Bb major (2b), C mixolydian (0), F mixolydian (1b), F mixolydian (1b), Ab phrygian (4b), F mixolydian (1b), F mixolydian (1b), F mixolydian (1b), Cb phrygian (7b), F mixolydian (1b), Bb major (2b), Bb major (2b), G major (1#), F major (1b), Bb major (2b), F major (1b), Bb major (2b), F major (1b), F minor (4b), F major (1b), Bb major (2b), F major (1b), G major (1#), F major (1b), F major (1b), F major (1b), F major (1b), C major (0), F major (1b), F major (1b), Bb major (2b), F major (1b), C major (0), F major (1b), Bb major (2b), F major (1b), F major (1b), Bb major (2b), Bb major (2b), F mixolydian (1b), Eb lydian (3b), F major (1b), Bb major (2b), F major (1b), G major (1#), F major (1b), G major (1#), C major (0), G major (1#), G major (1#), C# major (7#), D# minor (6#), A# minor (7#), F major (1b), F major (1b), C major (0), G major (1#), F major (1b), F major (1b), Eb major (3b), Bb major (2b), F major (1b), F minor (4b), F minor (4b), F minor (4b), F major (1b), Bb major (2b), F major (1b), C major (0), F major (1b), G major (1#), F major (1b), F major (1b), F major (1b), G major (1#), G major (1#), Bb major (2b), F major (1b), Bb major (2b), C mixolydian (0), Bb major (2b), F major (1b), Bb major (2b), F major (1b), C major (0), F major (1b), F major (1b), Bb major (2b), Bb major (2b), F major (1b), Bb major (2b), F major (1b), F major (1b), G major (1#), G major (1#), G minor (2b), G major (1#), B minor (2#), G# minor (5#), D# minor (6#), D# minor (6#), F major (1b), F major (1b), C major (0), C major (0), C major (0), G major (1#), C major (0), G major (1#), F major (1b), F major (1b), F major (1b), F major (1b), F major (1b), F major (1b), C major (0), F major (1b), G major (1#), G major (1#), C major (0), C major (0), G major (1#), Bb major (2b)
Ab minor mel (7b),  ,  ,  ,  ,  ,  ,  ,  ,  ,  ,  ,  ,  ,  ,  ,  ,  ,  ,  ,  ,  ,  ,  ,  ,  ,  ,  ,  ,  ,  ,  ,  ,  ,  ,  ,  ,  ,  ,  ,  ,  ,  ,  ,  ,  ,  ,  ,  ,  ,  ,  ,  ,  ,  ,  ,  ,  ,  ,  ,  ,  ,  ,  ,  ,  ,  ,  ,  ,  ,  ,  ,  ,  ,  ,  ,  ,  ,  ,  ,  ,  ,  ,  ,  ,  ,  ,  ,  ,  ,  ,  ,  ,  ,  ,  ,  ,  ,  ,  ,  ,  ,  ,  ,  ,  ,  ,  ,  ,  ,  ,  ,  ,  ,  ,  ,  ,  ,  ,  ,  ,  ,  ,  ,  ,  ,  ,  ,  ,  ,  ,  ,  ,  ,  ,  ,  ,  ,  ,  ,  ,  ,  ,  ,  ,  ,  ,  ,  ,  ,  ,  ,  ,  ,  ,  ,  ,  ,  ,  ,  ,  ,  ,  ,  ,  ,  ,  ,  ,  ,  ,  ,  ,  ,  ,  ,  ,  ,  ,  ,  ,  ,  ,  ,  ,  ,  ,  ,  ,  ,  ,  ,  ,  ,  ,  ,  ,  ,  ,  ,  ,  ,  ,  ,  ,  ,  ,  ,  ,  ,  ,  ,  ,  ,  ,  ,  ,  ,  ,  ,  ,  ,  ,  ,  ,  ,  ,  ,  ,  ,  ,  ,  ,  ,  ,  ,  ,  ,  ,  ,  ,  ,  ,  ,  ,  ,  ,  ,  ,  ,  ,  ,  ,  ,  ,  ,  ,  ,  ,  ,  ,  ,  ,  ,  ,  ,  ,  ,  ,  ,  ,  ,  ,  ,  ,  ,  ,  ,  ,  ,  ,  ,  ,  ,  ,  ,  ,  ,  ,  ,  ,  
A# minor mel (7#),  ,  ,  ,  ,  ,  ,  ,  ,  ,  ,  ,  ,  ,  ,  ,  ,  ,  ,  ,  ,  ,  ,  ,  ,  ,  ,  ,  ,  ,  ,  ,  ,  ,  ,  ,  ,  ,  ,  ,  ,  ,  ,  ,  ,  ,  ,  ,  ,  ,  ,  ,  ,  ,  ,  ,  ,  ,  ,  ,  ,  ,  ,  ,  ,  ,  ,  ,  ,  ,  ,  ,  ,  ,  ,  ,  ,  ,  ,  ,  ,  ,  ,  ,  ,  ,  ,  ,  ,  ,  ,  ,  ,  ,  ,  ,  ,  ,  ,  ,  ,  ,  ,  ,  ,  ,  ,  ,  ,  ,  ,  ,  ,  ,  ,  ,  ,  ,  ,  ,  ,  ,  ,  ,  ,  ,  ,  ,  ,  ,  ,  ,  ,  ,  ,  ,  ,  ,  ,  ,  ,  ,  ,  ,  ,  ,  ,  ,  ,  ,  ,  ,  ,  ,  ,  ,  ,  ,  ,  ,  ,  ,  ,  ,  ,  ,  ,  ,  ,  ,  ,  ,  ,  ,  ,  ,  ,  ,  ,  ,  ,  ,  ,  ,  ,  ,  ,  ,  ,  ,  ,  ,  ,  ,  ,  ,  ,  ,  ,  ,  ,  ,  ,  ,  ,  ,  ,  ,  ,  ,  ,  ,  ,  ,  ,  ,  ,  ,  ,  ,  ,  ,  ,  ,  ,  ,  ,  ,  ,  ,  ,  ,  ,  ,  ,  ,  ,  ,  ,  ,  ,  ,  ,  ,  ,  ,  ,  ,  ,  ,  ,  ,  ,  ,  ,  ,  ,  ,  ,  ,  ,  ,  ,  ,  ,  ,  ,  ,  ,  ,  ,  ,  ,  ,  ,  ,  ,  ,  ,  ,  ,  ,  ,  ,  ,  ,  ,  ,  ,  ,  ,  
Cb major blues (7b),  ,  ,  ,  ,  ,  ,  ,  ,  ,  ,  ,  ,  ,  ,  ,  ,  ,  ,  ,  ,  ,  ,  ,  ,  ,  ,  ,  ,  ,  ,  ,  ,  ,  ,  ,  ,  ,  ,  ,  ,  ,  ,  ,  ,  ,  ,  ,  ,  ,  ,  ,  ,  ,  ,  ,  ,  ,  ,  ,  ,  ,  ,  ,  ,  ,  ,  ,  ,  ,  ,  ,  ,  ,  ,  ,  ,  ,  ,  ,  ,  ,  ,  ,  ,  ,  ,  ,  ,  ,  ,  ,  ,  ,  ,  ,  ,  ,  ,  ,  ,  ,  ,  ,  ,  ,  ,  ,  ,  ,  ,  ,  ,  ,  ,  ,  ,  ,  ,  ,  ,  ,  ,  ,  ,  ,  ,  ,  ,  ,  ,  ,  ,  ,  ,  ,  ,  ,  ,  ,  ,  ,  ,  ,  ,  ,  ,  ,  ,  ,  ,  ,  ,  ,  ,  ,  ,  ,  ,  ,  ,  ,  ,  ,  ,  ,  ,  ,  ,  ,  ,  ,  ,  ,  ,  ,  ,  ,  ,  ,  ,  ,  ,  ,  ,  ,  ,  ,  ,  ,  ,  ,  ,  ,  ,  ,  ,  ,  ,  ,  ,  ,  ,  ,  ,  ,  ,  ,  ,  ,  ,  ,  ,  ,  ,  ,  ,  ,  ,  ,  ,  ,  ,  ,  ,  ,  ,  ,  ,  ,  ,  ,  ,  ,  ,  ,  ,  ,  ,  ,  ,  ,  ,  ,  ,  ,  ,  ,  ,  ,  ,  ,  ,  ,  ,  ,  ,  ,  ,  ,  ,  ,  ,  ,  ,  ,  ,  ,  ,  ,  ,  ,  ,  ,  ,  ,  ,  ,  ,  ,  ,  ,  ,  ,  ,  ,  ,  ,  ,  ,  ,  
C# major blues (7#),  ,  ,  ,  ,  ,  ,  ,  ,  ,  ,  ,  ,  ,  ,  ,  ,  ,  ,  ,  ,  ,  ,  ,  ,  ,  ,  ,  ,  ,  ,  ,  ,  ,  ,  ,  ,  ,  ,  ,  ,  ,  ,  ,  ,  ,  ,  ,  ,  ,  ,  ,  ,  ,  ,  ,  ,  ,  ,  ,  ,  ,  ,  ,  ,  ,  ,  ,  ,  ,  ,  ,  ,  ,  ,  ,  ,  ,  ,  ,  ,  ,  ,  ,  ,  ,  ,  ,  ,  ,  ,  ,  ,  ,  ,  ,  ,  ,  ,  ,  ,  ,  ,  ,  ,  ,  ,  ,  ,  ,  ,  ,  ,  ,  ,  ,  ,  ,  ,  ,  ,  ,  ,  ,  ,  ,  ,  ,  ,  ,  ,  ,  ,  ,  ,  ,  ,  ,  ,  ,  ,  ,  ,  ,  ,  ,  ,  ,  ,  ,  ,  ,  ,  ,  ,  ,  ,  ,  ,  ,  ,  ,  ,  ,  ,  ,  ,  ,  ,  ,  ,  ,  ,  ,  ,  ,  ,  ,  ,  ,  ,  ,  ,  ,  ,  ,  ,  ,  ,  ,  ,  ,  ,  ,  ,  ,  ,  ,  ,  ,  ,  ,  ,  ,  ,  ,  ,  ,  ,  ,  ,  ,  ,  ,  ,  ,  ,  ,  ,  ,  ,  ,  ,  ,  ,  ,  ,  ,  ,  ,  ,  ,  ,  ,  ,  ,  ,  ,  ,  ,  ,  ,  ,  ,  ,  ,  ,  ,  ,  ,  ,  ,  ,  ,  ,  ,  ,  ,  ,  ,  ,  ,  ,  ,  ,  ,  ,  ,  ,  ,  ,  ,  ,  ,  ,  ,  ,  ,  ,  ,  ,  ,  ,  ,  ,  ,  ,  ,  ,  ,  ,  
Ab minor blues (7b),  ,  ,  ,  ,  ,  ,  ,  ,  ,  ,  ,  ,  ,  ,  ,  ,  ,  ,  ,  ,  ,  ,  ,  ,  ,  ,  ,  ,  ,  ,  ,  ,  ,  ,  ,  ,  ,  ,  ,  ,  ,  ,  ,  ,  ,  ,  ,  ,  ,  ,  ,  ,  ,  ,  ,  ,  ,  ,  ,  ,  ,  ,  ,  ,  ,  ,  ,  ,  ,  ,  ,  ,  ,  ,  ,  ,  ,  ,  ,  ,  ,  ,  ,  ,  ,  ,  ,  ,  ,  ,  ,  ,  ,  ,  ,  ,  ,  ,  ,  ,  ,  ,  ,  ,  ,  ,  ,  ,  ,  ,  ,  ,  ,  ,  ,  ,  ,  ,  ,  ,  ,  ,  ,  ,  ,  ,  ,  ,  ,  ,  ,  ,  ,  ,  ,  ,  ,  ,  ,  ,  ,  ,  ,  ,  ,  ,  ,  ,  ,  ,  ,  ,  ,  ,  ,  ,  ,  ,  ,  ,  ,  ,  ,  ,  ,  ,  ,  ,  ,  ,  ,  ,  ,  ,  ,  ,  ,  ,  ,  ,  ,  ,  ,  ,  ,  ,  ,  ,  ,  ,  ,  ,  ,  ,  ,  ,  ,  ,  ,  ,  ,  ,  ,  ,  ,  ,  ,  ,  ,  ,  ,  ,  ,  ,  ,  ,  ,  ,  ,  ,  ,  ,  ,  ,  ,  ,  ,  ,  ,  ,  ,  ,  ,  ,  ,  ,  ,  ,  ,  ,  ,  ,  ,  ,  ,  ,  ,  ,  ,  ,  ,  ,  ,  ,  ,  ,  ,  ,  ,  ,  ,  ,  ,  ,  ,  ,  ,  ,  ,  ,  ,  ,  ,  ,  ,  ,  ,  ,  ,  ,  ,  ,  ,  ,  ,  ,  ,  ,  ,  ,  
A# minor blues (7#),  ,  ,  ,  ,  ,  ,  ,  ,  ,  ,  ,  ,  ,  ,  ,  ,  ,  ,  ,  ,  ,  ,  ,  ,  ,  ,  ,  ,  ,  ,  ,  ,  ,  ,  ,  ,  ,  ,  ,  ,  ,  ,  ,  ,  ,  ,  ,  ,  ,  ,  ,  ,  ,  ,  ,  ,  ,  ,  ,  ,  ,  ,  ,  ,  ,  ,  ,  ,  ,  ,  ,  ,  ,  ,  ,  ,  ,  ,  ,  ,  ,  ,  ,  ,  ,  ,  ,  ,  ,  ,  ,  ,  ,  ,  ,  ,  ,  ,  ,  ,  ,  ,  ,  ,  ,  ,  ,  ,  ,  ,  ,  ,  ,  ,  ,  ,  ,  ,  ,  ,  ,  ,  ,  ,  ,  ,  ,  ,  ,  ,  ,  ,  ,  ,  ,  ,  ,  ,  ,  ,  ,  ,  ,  ,  ,  ,  ,  ,  ,  ,  ,  ,  ,  ,  ,  ,  ,  ,  ,  ,  ,  ,  ,  ,  ,  ,  ,  ,  ,  ,  ,  ,  ,  ,  ,  ,  ,  ,  ,  ,  ,  ,  ,  ,  ,  ,  ,  ,  ,  ,  ,  ,  ,  ,  ,  ,  ,  ,  ,  ,  ,  ,  ,  ,  ,  ,  ,  ,  ,  ,  ,  ,  ,  ,  ,  ,  ,  ,  ,  ,  ,  ,  ,  ,  ,  ,  ,  ,  ,  ,  ,  ,  ,  ,  ,  ,  ,  ,  ,  ,  ,  ,  ,  ,  ,  ,  ,  ,  ,  ,  ,  ,  ,  ,  ,  ,  ,  ,  ,  ,  ,  ,  ,  ,  ,  ,  ,  ,  ,  ,  ,  ,  ,  ,  ,  ,  ,  ,  ,  ,  ,  ,  ,  ,  ,  ,  ,  ,  ,  ,  
Cb dorian (7b),  ,  ,  ,  ,  ,  ,  ,  ,  ,  ,  ,  ,  ,  ,  ,  ,  ,  ,  ,  ,  ,  ,  ,  ,  ,  ,  ,  ,  ,  ,  ,  ,  ,  ,  ,  ,  ,  ,  ,  ,  ,  ,  ,  ,  ,  ,  ,  ,  ,  ,  ,  ,  ,  ,  ,  ,  ,  ,  ,  ,  ,  ,  ,  ,  ,  ,  ,  ,  ,  ,  ,  ,  ,  ,  ,  ,  ,  ,  ,  ,  ,  ,  ,  ,  ,  ,  ,  ,  ,  ,  ,  ,  ,  ,  ,  ,  ,  ,  ,  ,  ,  ,  ,  ,  ,  ,  ,  ,  ,  ,  ,  ,  ,  ,  ,  ,  ,  ,  ,  ,  ,  ,  ,  ,  ,  ,  ,  ,  ,  ,  ,  ,  ,  ,  ,  ,  ,  ,  ,  ,  ,  ,  ,  ,  ,  ,  ,  ,  ,  ,  ,  ,  ,  ,  ,  ,  ,  ,  ,  ,  ,  ,  ,  ,  ,  ,  ,  ,  ,  ,  ,  ,  ,  ,  ,  ,  ,  ,  ,  ,  ,  ,  ,  ,  ,  ,  ,  ,  ,  ,  ,  ,  ,  ,  ,  ,  ,  ,  ,  ,  ,  ,  ,  ,  ,  ,  ,  ,  ,  ,  ,  ,  ,  ,  ,  ,  ,  ,  ,  ,  ,  ,  ,  ,  ,  ,  ,  ,  ,  ,  ,  ,  ,  ,  ,  ,  ,  ,  ,  ,  ,  ,  ,  ,  ,  ,  ,  ,  ,  ,  ,  ,  ,  ,  ,  ,  ,  ,  ,  ,  ,  ,  ,  ,  ,  ,  ,  ,  ,  ,  ,  ,  ,  ,  ,  ,  ,  ,  ,  ,  ,  ,  ,  ,  ,  ,  ,  ,  ,  ,  
C# dorian (7#),  ,  ,  ,  ,  ,  ,  ,  ,  ,  ,  ,  ,  ,  ,  ,  ,  ,  ,  ,  ,  ,  ,  ,  ,  ,  ,  ,  ,  ,  ,  ,  ,  ,  ,  ,  ,  ,  ,  ,  ,  ,  ,  ,  ,  ,  ,  ,  ,  ,  ,  ,  ,  ,  ,  ,  ,  ,  ,  ,  ,  ,  ,  ,  ,  ,  ,  ,  ,  ,  ,  ,  ,  ,  ,  ,  ,  ,  ,  ,  ,  ,  ,  ,  ,  ,  ,  ,  ,  ,  ,  ,  ,  ,  ,  ,  ,  ,  ,  ,  ,  ,  ,  ,  ,  ,  ,  ,  ,  ,  ,  ,  ,  ,  ,  ,  ,  ,  ,  ,  ,  ,  ,  ,  ,  ,  ,  ,  ,  ,  ,  ,  ,  ,  ,  ,  ,  ,  ,  ,  ,  ,  ,  ,  ,  ,  ,  ,  ,  ,  ,  ,  ,  ,  ,  ,  ,  ,  ,  ,  ,  ,  ,  ,  ,  ,  ,  ,  ,  ,  ,  ,  ,  ,  ,  ,  ,  ,  ,  ,  ,  ,  ,  ,  ,  ,  ,  ,  ,  ,  ,  ,  ,  ,  ,  ,  ,  ,  ,  ,  ,  ,  ,  ,  ,  ,  ,  ,  ,  ,  ,  ,  ,  ,  ,  ,  ,  ,  ,  ,  ,  ,  ,  ,  ,  ,  ,  ,  ,  ,  ,  ,  ,  ,  ,  ,  ,  ,  ,  ,  ,  ,  ,  ,  ,  ,  ,  ,  ,  ,  ,  ,  ,  ,  ,  ,  ,  ,  ,  ,  ,  ,  ,  ,  ,  ,  ,  ,  ,  ,  ,  ,  ,  ,  ,  ,  ,  ,  ,  ,  ,  ,  ,  ,  ,  ,  ,  ,  ,  ,  ,  
Cb phrygian (7b),  ,  ,  ,  ,  ,  ,  ,  ,  ,  ,  ,  ,  ,  ,  ,  ,  ,  ,  ,  ,  ,  ,  ,  ,  ,  ,  ,  ,  ,  ,  ,  ,  ,  ,  ,  ,  ,  ,  ,  ,  ,  ,  ,  ,  ,  ,  ,  ,  ,  ,  ,  ,  ,  ,  ,  ,  ,  ,  ,  ,  ,  ,  ,  ,  ,  ,  ,  ,  ,  ,  ,  ,  ,  ,  ,  ,  ,  ,  ,  ,  ,  ,  ,  ,  ,  ,  ,  ,  ,  ,  ,  ,  ,  ,  ,  ,  ,  ,  ,  ,  ,  ,  ,  ,  ,  ,  ,  ,  ,  ,  ,  ,  ,  ,  ,  ,  ,  ,  ,  ,  ,  ,  ,  ,  ,  ,  ,  ,  ,  ,  ,  ,  ,  ,  ,  ,  ,  ,  ,  ,  ,  ,  ,  ,  ,  ,  ,  ,  ,  ,  ,  ,  ,  ,  ,  ,  ,  ,  ,  ,  ,  ,  ,  ,  ,  ,  ,  ,  ,  ,  ,  ,  ,  ,  ,  ,  ,  ,  ,  ,  ,  ,  ,  ,  ,  ,  ,  ,  ,  ,  ,  ,  ,  ,  ,  ,  ,  ,  ,  ,  ,  ,  ,  ,  ,  ,  ,  ,  ,  ,  ,  ,  ,  ,  ,  ,  ,  ,  ,  ,  ,  ,  ,  ,  ,  ,  ,  ,  ,  ,  ,  ,  ,  ,  ,  ,  ,  ,  ,  ,  ,  ,  ,  ,  ,  ,  ,  ,  ,  ,  ,  ,  ,  ,  ,  ,  ,  ,  ,  ,  ,  ,  ,  ,  ,  ,  ,  ,  ,  ,  ,  ,  ,  ,  ,  ,  ,  ,  ,  ,  ,  ,  ,  ,  ,  ,  ,  ,  ,  ,  
C# phrygian (7#),  ,  ,  ,  ,  ,  ,  ,  ,  ,  ,  ,  ,  ,  ,  ,  ,  ,  ,  ,  ,  ,  ,  ,  ,  ,  ,  ,  ,  ,  ,  ,  ,  ,  ,  ,  ,  ,  ,  ,  ,  ,  ,  ,  ,  ,  ,  ,  ,  ,  ,  ,  ,  ,  ,  ,  ,  ,  ,  ,  ,  ,  ,  ,  ,  ,  ,  ,  ,  ,  ,  ,  ,  ,  ,  ,  ,  ,  ,  ,  ,  ,  ,  ,  ,  ,  ,  ,  ,  ,  ,  ,  ,  ,  ,  ,  ,  ,  ,  ,  ,  ,  ,  ,  ,  ,  ,  ,  ,  ,  ,  ,  ,  ,  ,  ,  ,  ,  ,  ,  ,  ,  ,  ,  ,  ,  ,  ,  ,  ,  ,  ,  ,  ,  ,  ,  ,  ,  ,  ,  ,  ,  ,  ,  ,  ,  ,  ,  ,  ,  ,  ,  ,  ,  ,  ,  ,  ,  ,  ,  ,  ,  ,  ,  ,  ,  ,  ,  ,  ,  ,  ,  ,  ,  ,  ,  ,  ,  ,  ,  ,  ,  ,  ,  ,  ,  ,  ,  ,  ,  ,  ,  ,  ,  ,  ,  ,  ,  ,  ,  ,  ,  ,  ,  ,  ,  ,  ,  ,  ,  ,  ,  ,  ,  ,  ,  ,  ,  ,  ,  ,  ,  ,  ,  ,  ,  ,  ,  ,  ,  ,  ,  ,  ,  ,  ,  ,  ,  ,  ,  ,  ,  ,  ,  ,  ,  ,  ,  ,  ,  ,  ,  ,  ,  ,  ,  ,  ,  ,  ,  ,  ,  ,  ,  ,  ,  ,  ,  ,  ,  ,  ,  ,  ,  ,  ,  ,  ,  ,  ,  ,  ,  ,  ,  ,  ,  ,  ,  ,  ,  ,  
Cb lydian (7b),  ,  ,  ,  ,  ,  ,  ,  ,  ,  ,  ,  ,  ,  ,  ,  ,  ,  ,  ,  ,  ,  ,  ,  ,  ,  ,  ,  ,  ,  ,  ,  ,  ,  ,  ,  ,  ,  ,  ,  ,  ,  ,  ,  ,  ,  ,  ,  ,  ,  ,  ,  ,  ,  ,  ,  ,  ,  ,  ,  ,  ,  ,  ,  ,  ,  ,  ,  ,  ,  ,  ,  ,  ,  ,  ,  ,  ,  ,  ,  ,  ,  ,  ,  ,  ,  ,  ,  ,  ,  ,  ,  ,  ,  ,  ,  ,  ,  ,  ,  ,  ,  ,  ,  ,  ,  ,  ,  ,  ,  ,  ,  ,  ,  ,  ,  ,  ,  ,  ,  ,  ,  ,  ,  ,  ,  ,  ,  ,  ,  ,  ,  ,  ,  ,  ,  ,  ,  ,  ,  ,  ,  ,  ,  ,  ,  ,  ,  ,  ,  ,  ,  ,  ,  ,  ,  ,  ,  ,  ,  ,  ,  ,  ,  ,  ,  ,  ,  ,  ,  ,  ,  ,  ,  ,  ,  ,  ,  ,  ,  ,  ,  ,  ,  ,  ,  ,  ,  ,  ,  ,  ,  ,  ,  ,  ,  ,  ,  ,  ,  ,  ,  ,  ,  ,  ,  ,  ,  ,  ,  ,  ,  ,  ,  ,  ,  ,  ,  ,  ,  ,  ,  ,  ,  ,  ,  ,  ,  ,  ,  ,  ,  ,  ,  ,  ,  ,  ,  ,  ,  ,  ,  ,  ,  ,  ,  ,  ,  ,  ,  ,  ,  ,  ,  ,  ,  ,  ,  ,  ,  ,  ,  ,  ,  ,  ,  ,  ,  ,  ,  ,  ,  ,  ,  ,  ,  ,  ,  ,  ,  ,  ,  ,  ,  ,  ,  ,  ,  ,  ,  ,  
C# lydian (7#),  ,  ,  ,  ,  ,  ,  ,  ,  ,  ,  ,  ,  ,  ,  ,  ,  ,  ,  ,  ,  ,  ,  ,  ,  ,  ,  ,  ,  ,  ,  ,  ,  ,  ,  ,  ,  ,  ,  ,  ,  ,  ,  ,  ,  ,  ,  ,  ,  ,  ,  ,  ,  ,  ,  ,  ,  ,  ,  ,  ,  ,  ,  ,  ,  ,  ,  ,  ,  ,  ,  ,  ,  ,  ,  ,  ,  ,  ,  ,  ,  ,  ,  ,  ,  ,  ,  ,  ,  ,  ,  ,  ,  ,  ,  ,  ,  ,  ,  ,  ,  ,  ,  ,  ,  ,  ,  ,  ,  ,  ,  ,  ,  ,  ,  ,  ,  ,  ,  ,  ,  ,  ,  ,  ,  ,  ,  ,  ,  ,  ,  ,  ,  ,  ,  ,  ,  ,  ,  ,  ,  ,  ,  ,  ,  ,  ,  ,  ,  ,  ,  ,  ,  ,  ,  ,  ,  ,  ,  ,  ,  ,  ,  ,  ,  ,  ,  ,  ,  ,  ,  ,  ,  ,  ,  ,  ,  ,  ,  ,  ,  ,  ,  ,  ,  ,  ,  ,  ,  ,  ,  ,  ,  ,  ,  ,  ,  ,  ,  ,  ,  ,  ,  ,  ,  ,  ,  ,  ,  ,  ,  ,  ,  ,  ,  ,  ,  ,  ,  ,  ,  ,  ,  ,  ,  ,  ,  ,  ,  ,  ,  ,  ,  ,  ,  ,  ,  ,  ,  ,  ,  ,  ,  ,  ,  ,  ,  ,  ,  ,  ,  ,  ,  ,  ,  ,  ,  ,  ,  ,  ,  ,  ,  ,  ,  ,  ,  ,  ,  ,  ,  ,  ,  ,  ,  ,  ,  ,  ,  ,  ,  ,  ,  ,  ,  ,  ,  ,  ,  ,  ,  
Cb mixolydian (7b),  ,  ,  ,  ,  ,  ,  ,  ,  ,  ,  ,  ,  ,  ,  ,  ,  ,  ,  ,  ,  ,  ,  ,  ,  ,  ,  ,  ,  ,  ,  ,  ,  ,  ,  ,  ,  ,  ,  ,  ,  ,  ,  ,  ,  ,  ,  ,  ,  ,  ,  ,  ,  ,  ,  ,  ,  ,  ,  ,  ,  ,  ,  ,  ,  ,  ,  ,  ,  ,  ,  ,  ,  ,  ,  ,  ,  ,  ,  ,  ,  ,  ,  ,  ,  ,  ,  ,  ,  ,  ,  ,  ,  ,  ,  ,  ,  ,  ,  ,  ,  ,  ,  ,  ,  ,  ,  ,  ,  ,  ,  ,  ,  ,  ,  ,  ,  ,  ,  ,  ,  ,  ,  ,  ,  ,  ,  ,  ,  ,  ,  ,  ,  ,  ,  ,  ,  ,  ,  ,  ,  ,  ,  ,  ,  ,  ,  ,  ,  ,  ,  ,  ,  ,  ,  ,  ,  ,  ,  ,  ,  ,  ,  ,  ,  ,  ,  ,  ,  ,  ,  ,  ,  ,  ,  ,  ,  ,  ,  ,  ,  ,  ,  ,  ,  ,  ,  ,  ,  ,  ,  ,  ,  ,  ,  ,  ,  ,  ,  ,  ,  ,  ,  ,  ,  ,  ,  ,  ,  ,  ,  ,  ,  ,  ,  ,  ,  ,  ,  ,  ,  ,  ,  ,  ,  ,  ,  ,  ,  ,  ,  ,  ,  ,  ,  ,  ,  ,  ,  ,  ,  ,  ,  ,  ,  ,  ,  ,  ,  ,  ,  ,  ,  ,  ,  ,  ,  ,  ,  ,  ,  ,  ,  ,  ,  ,  ,  ,  ,  ,  ,  ,  ,  ,  ,  ,  ,  ,  ,  ,  ,  ,  ,  ,  ,  ,  ,  ,  ,  ,  ,  
C# mixolydian (7#),  ,  ,  ,  ,  ,  ,  ,  ,  ,  ,  ,  ,  ,  ,  ,  ,  ,  ,  ,  ,  ,  ,  ,  ,  ,  ,  ,  ,  ,  ,  ,  ,  ,  ,  ,  ,  ,  ,  ,  ,  ,  ,  ,  ,  ,  ,  ,  ,  ,  ,  ,  ,  ,  ,  ,  ,  ,  ,  ,  ,  ,  ,  ,  ,  ,  ,  ,  ,  ,  ,  ,  ,  ,  ,  ,  ,  ,  ,  ,  ,  ,  ,  ,  ,  ,  ,  ,  ,  ,  ,  ,  ,  ,  ,  ,  ,  ,  ,  ,  ,  ,  ,  ,  ,  ,  ,  ,  ,  ,  ,  ,  ,  ,  ,  ,  ,  ,  ,  ,  ,  ,  ,  ,  ,  ,  ,  ,  ,  ,  ,  ,  ,  ,  ,  ,  ,  ,  ,  ,  ,  ,  ,  ,  ,  ,  ,  ,  ,  ,  ,  ,  ,  ,  ,  ,  ,  ,  ,  ,  ,  ,  ,  ,  ,  ,  ,  ,  ,  ,  ,  ,  ,  ,  ,  ,  ,  ,  ,  ,  ,  ,  ,  ,  ,  ,  ,  ,  ,  ,  ,  ,  ,  ,  ,  ,  ,  ,  ,  ,  ,  ,  ,  ,  ,  ,  ,  ,  ,  ,  ,  ,  ,  ,  ,  ,  ,  ,  ,  ,  ,  ,  ,  ,  ,  ,  ,  ,  ,  ,  ,  ,  ,  ,  ,  ,  ,  ,  ,  ,  ,  ,  ,  ,  ,  ,  ,  ,  ,  ,  ,  ,  ,  ,  ,  ,  ,  ,  ,  ,  ,  ,  ,  ,  ,  ,  ,  ,  ,  ,  ,  ,  ,  ,  ,  ,  ,  ,  ,  ,  ,  ,  ,  ,  ,  ,  ,  ,  ,  ,  ,  
Cb aeolian (7b),  ,  ,  ,  ,  ,  ,  ,  ,  ,  ,  ,  ,  ,  ,  ,  ,  ,  ,  ,  ,  ,  ,  ,  ,  ,  ,  ,  ,  ,  ,  ,  ,  ,  ,  ,  ,  ,  ,  ,  ,  ,  ,  ,  ,  ,  ,  ,  ,  ,  ,  ,  ,  ,  ,  ,  ,  ,  ,  ,  ,  ,  ,  ,  ,  ,  ,  ,  ,  ,  ,  ,  ,  ,  ,  ,  ,  ,  ,  ,  ,  ,  ,  ,  ,  ,  ,  ,  ,  ,  ,  ,  ,  ,  ,  ,  ,  ,  ,  ,  ,  ,  ,  ,  ,  ,  ,  ,  ,  ,  ,  ,  ,  ,  ,  ,  ,  ,  ,  ,  ,  ,  ,  ,  ,  ,  ,  ,  ,  ,  ,  ,  ,  ,  ,  ,  ,  ,  ,  ,  ,  ,  ,  ,  ,  ,  ,  ,  ,  ,  ,  ,  ,  ,  ,  ,  ,  ,  ,  ,  ,  ,  ,  ,  ,  ,  ,  ,  ,  ,  ,  ,  ,  ,  ,  ,  ,  ,  ,  ,  ,  ,  ,  ,  ,  ,  ,  ,  ,  ,  ,  ,  ,  ,  ,  ,  ,  ,  ,  ,  ,  ,  ,  ,  ,  ,  ,  ,  ,  ,  ,  ,  ,  ,  ,  ,  ,  ,  ,  ,  ,  ,  ,  ,  ,  ,  ,  ,  ,  ,  ,  ,  ,  ,  ,  ,  ,  ,  ,  ,  ,  ,  ,  ,  ,  ,  ,  ,  ,  ,  ,  ,  ,  ,  ,  ,  ,  ,  ,  ,  ,  ,  ,  ,  ,  ,  ,  ,  ,  ,  ,  ,  ,  ,  ,  ,  ,  ,  ,  ,  ,  ,  ,  ,  ,  ,  ,  ,  ,  ,  ,  
C# aeolian (7#),  ,  ,  ,  ,  ,  ,  ,  ,  ,  ,  ,  ,  ,  ,  ,  ,  ,  ,  ,  ,  ,  ,  ,  ,  ,  ,  ,  ,  ,  ,  ,  ,  ,  ,  ,  ,  ,  ,  ,  ,  ,  ,  ,  ,  ,  ,  ,  ,  ,  ,  ,  ,  ,  ,  ,  ,  ,  ,  ,  ,  ,  ,  ,  ,  ,  ,  ,  ,  ,  ,  ,  ,  ,  ,  ,  ,  ,  ,  ,  ,  ,  ,  ,  ,  ,  ,  ,  ,  ,  ,  ,  ,  ,  ,  ,  ,  ,  ,  ,  ,  ,  ,  ,  ,  ,  ,  ,  ,  ,  ,  ,  ,  ,  ,  ,  ,  ,  ,  ,  ,  ,  ,  ,  ,  ,  ,  ,  ,  ,  ,  ,  ,  ,  ,  ,  ,  ,  ,  ,  ,  ,  ,  ,  ,  ,  ,  ,  ,  ,  ,  ,  ,  ,  ,  ,  ,  ,  ,  ,  ,  ,  ,  ,  ,  ,  ,  ,  ,  ,  ,  ,  ,  ,  ,  ,  ,  ,  ,  ,  ,  ,  ,  ,  ,  ,  ,  ,  ,  ,  ,  ,  ,  ,  ,  ,  ,  ,  ,  ,  ,  ,  ,  ,  ,  ,  ,  ,  ,  ,  ,  ,  ,  ,  ,  ,  ,  ,  ,  ,  ,  ,  ,  ,  ,  ,  ,  ,  ,  ,  ,  ,  ,  ,  ,  ,  ,  ,  ,  ,  ,  ,  ,  ,  ,  ,  ,  ,  ,  ,  ,  ,  ,  ,  ,  ,  ,  ,  ,  ,  ,  ,  ,  ,  ,  ,  ,  ,  ,  ,  ,  ,  ,  ,  ,  ,  ,  ,  ,  ,  ,  ,  ,  ,  ,  ,  ,  ,  ,  ,  ,  
Cb locrian (7b),  ,  ,  ,  ,  ,  ,  ,  ,  ,  ,  ,  ,  ,  ,  ,  ,  ,  ,  ,  ,  ,  ,  ,  ,  ,  ,  ,  ,  ,  ,  ,  ,  ,  ,  ,  ,  ,  ,  ,  ,  ,  ,  ,  ,  ,  ,  ,  ,  ,  ,  ,  ,  ,  ,  ,  ,  ,  ,  ,  ,  ,  ,  ,  ,  ,  ,  ,  ,  ,  ,  ,  ,  ,  ,  ,  ,  ,  ,  ,  ,  ,  ,  ,  ,  ,  ,  ,  ,  ,  ,  ,  ,  ,  ,  ,  ,  ,  ,  ,  ,  ,  ,  ,  ,  ,  ,  ,  ,  ,  ,  ,  ,  ,  ,  ,  ,  ,  ,  ,  ,  ,  ,  ,  ,  ,  ,  ,  ,  ,  ,  ,  ,  ,  ,  ,  ,  ,  ,  ,  ,  ,  ,  ,  ,  ,  ,  ,  ,  ,  ,  ,  ,  ,  ,  ,  ,  ,  ,  ,  ,  ,  ,  ,  ,  ,  ,  ,  ,  ,  ,  ,  ,  ,  ,  ,  ,  ,  ,  ,  ,  ,  ,  ,  ,  ,  ,  ,  ,  ,  ,  ,  ,  ,  ,  ,  ,  ,  ,  ,  ,  ,  ,  ,  ,  ,  ,  ,  ,  ,  ,  ,  ,  ,  ,  ,  ,  ,  ,  ,  ,  ,  ,  ,  ,  ,  ,  ,  ,  ,  ,  ,  ,  ,  ,  ,  ,  ,  ,  ,  ,  ,  ,  ,  ,  ,  ,  ,  ,  ,  ,  ,  ,  ,  ,  ,  ,  ,  ,  ,  ,  ,  ,  ,  ,  ,  ,  ,  ,  ,  ,  ,  ,  ,  ,  ,  ,  ,  ,  ,  ,  ,  ,  ,  ,  ,  ,  ,  ,  ,  ,  
C# locrian (7#),  ,  ,  ,  ,  ,  ,  ,  ,  ,  ,  ,  ,  ,  ,  ,  ,  ,  ,  ,  ,  ,  ,  ,  ,  ,  ,  ,  ,  ,  ,  ,  ,  ,  ,  ,  ,  ,  ,  ,  ,  ,  ,  ,  ,  ,  ,  ,  ,  ,  ,  ,  ,  ,  ,  ,  ,  ,  ,  ,  ,  ,  ,  ,  ,  ,  ,  ,  ,  ,  ,  ,  ,  ,  ,  ,  ,  ,  ,  ,  ,  ,  ,  ,  ,  ,  ,  ,  ,  ,  ,  ,  ,  ,  ,  ,  ,  ,  ,  ,  ,  ,  ,  ,  ,  ,  ,  ,  ,  ,  ,  ,  ,  ,  ,  ,  ,  ,  ,  ,  ,  ,  ,  ,  ,  ,  ,  ,  ,  ,  ,  ,  ,  ,  ,  ,  ,  ,  ,  ,  ,  ,  ,  ,  ,  ,  ,  ,  ,  ,  ,  ,  ,  ,  ,  ,  ,  ,  ,  ,  ,  ,  ,  ,  ,  ,  ,  ,  ,  ,  ,  ,  ,  ,  ,  ,  ,  ,  ,  ,  ,  ,  ,  ,  ,  ,  ,  ,  ,  ,  ,  ,  ,  ,  ,  ,  ,  ,  ,  ,  ,  ,  ,  ,  ,  ,  ,  ,  ,  ,  ,  ,  ,  ,  ,  ,  ,  ,  ,  ,  ,  ,  ,  ,  ,  ,  ,  ,  ,  ,  ,  ,  ,  ,  ,  ,  ,  ,  ,  ,  ,  ,  ,  ,  ,  ,  ,  ,  ,  ,  ,  ,  ,  ,  ,  ,  ,  ,  ,  ,  ,  ,  ,  ,  ,  ,  ,  ,  ,  ,  ,  ,  ,  ,  ,  ,  ,  ,  ,  ,  ,  ,  ,  ,  ,  ,  ,  ,  ,  ,  ,  
